38.8
38.8
38.6
38.6
58.3
58.7
70.4
70.3
70.4
70.6
70.9
71.1
71.3
71.4
71.5
71.6
71.6
71.7
71.7
71.8
71.9
72.0
72.0
72.0
72.4
71.8
64.4
64.6
64.7
64.8
65.1
65.1
65.4
65.4
65.5
65.6
65.7
65.6
65.7
65.8
65.8
65.9
65.8
65.9
66.3
78.6
79.0
79.2
79.4
79.6
79.6
79.7
80.0
80.0
80.2
80.2
80.3
80.5
80.3
80.6
80.5
80.4
80.7
80.6
80.9
80.4
73.4
73.4
73.4
73.4
73.4
73.4
73.4
73.4
73.5
73.5
73.5
73.5
73.5
73.5
73.5
73.5
73.5
73.5
73.5
65.5
59.2
59.2
59.2
59.2
59.3
59.2
59.3
59.3
59.3
59.3
59.3
59.3
59.4
59.3
59.4
59.4
59.4
59.4
59.4
51.2
38.1
38.1
38.1
38.1
