0.1001,9.4
0.2008,8.8
0.3011,7.8
0.4014,7.6
0.5016,8.2
0.6019,8.3
0.7021,8.9
0.8025,7.8
0.9028,7.9
1.0031,8.2
1.1034,7.6
1.2036,7.9
1.3040,7.5
1.4044,7.4
1.5046,7.1
1.6049,7.2
1.7052,7.4
1.8055,7.2
1.9058,7.4
2.0060,7.3
2.1064,7.1
2.2067,7.2
2.3069,7.8
2.4072,8.4
2.5075,7.7
2.6078,8.2
2.7081,8.0
2.8086,8.1
2.9089,7.6
3.0091,7.6
3.1094,8.2
3.2097,7.5
3.3099,7.4
3.4103,9.0
3.5107,9.0
3.6109,9.3
3.7113,8.2
3.8116,8.4
3.9119,7.7
4.0122,8.9
4.1125,7.7
4.2128,7.7
4.3131,7.7
4.4135,8.0
4.5137,8.2
4.6141,7.8
4.7144,7.4
4.8146,8.5
4.9149,10.4
5.0151,10.6
5.1153,10.5
5.2156,10.7
5.3158,11.0
5.4160,11.1
5.5163,10.6
5.6165,10.9
5.7168,10.6
5.8170,11.0
5.9172,10.9
6.0175,9.8
6.1179,8.2
6.2183,7.8
6.3186,8.2
6.4189,8.3
6.5193,8.9
6.6197,8.6
6.7201,8.5
6.8205,8.8
6.9209,10.2
7.0212,8.7
7.1216,9.4
7.2219,9.6
7.3222,8.2
7.4225,9.0
7.5229,7.5
7.6232,9.1
7.7236,9.1
7.8239,8.8
7.9243,8.6
8.0245,8.2
8.1248,8.1
8.2251,9.1
8.3254,8.2
8.4256,8.1
8.5259,8.9
8.6262,9.1
8.7266,8.2
8.8268,8.3
8.9272,8.0
9.0275,8.4
9.1279,8.3
9.2281,8.1
9.3284,8.4
9.4287,8.2
9.5290,8.4
9.6293,8.4
9.7295,8.8
9.8300,7.9
9.9302,7.8
10.0306,7.7
10.1310,7.9
10.2313,8.1
10.3316,8.7
10.4318,10.8
10.5320,10.8
10.6323,10.2
10.7325,9.6
10.8328,9.5
10.9330,9.4
11.0332,9.6
11.1335,9.2
11.2337,9.8
11.3339,9.9
11.4342,10.1
11.5344,9.8
11.6347,10.2
11.7349,10.4
11.8351,10.1
11.9354,9.9
12.0356,9.9
12.1359,9.6
12.2361,9.4
12.3363,9.3
12.4366,9.8
12.5369,9.6
12.6371,9.8
12.7373,9.7
12.8376,9.5
12.9378,9.9
13.0380,10.4
13.1383,9.6
13.2385,9.4
13.3387,9.6
13.4390,10.3
13.5392,10.4
13.6394,10.3
13.7397,10.4
13.8399,9.7
13.9402,9.5
14.0404,10.1
14.1406,10.2
14.2409,10.4
14.3411,10.0
14.4413,10.0
14.5416,10.1
14.6418,10.0
14.7420,10.2
14.8423,9.9
14.9425,10.5
15.0428,10.5
15.1437,10.2
15.2439,10.2
15.3442,10.1
15.4444,10.1
15.5447,10.4
15.6449,10.7
15.7452,10.5
15.8455,10.2
15.9457,10.1
16.0460,10.2
16.1463,10.2
16.2466,10.0
16.3468,9.8
16.4471,9.8
16.5473,10.5
16.6476,10.3
16.7478,10.3
16.8481,9.9
16.9483,10.9
17.0486,10.2
17.1488,9.6
17.2490,9.6
17.3492,9.7
17.4495,9.9
17.5497,9.3
17.6500,9.5
17.7502,9.8
17.8504,9.7
17.9507,8.9
18.0509,9.0
18.1511,9.2
18.2514,9.4
18.3516,10.1
18.4519,9.9
18.5521,9.7
18.6523,9.8
18.7526,8.9
18.8528,9.0
18.9531,8.7
19.0533,8.9
19.1536,8.9
19.2538,8.5
19.3540,9.1
19.4543,8.5
19.5545,8.8
19.6548,9.0
19.7550,9.5
19.8553,9.6
19.9555,9.5
20.0557,9.6
20.1567,9.3
20.2571,9.5
20.3576,9.5
20.4579,9.3
20.5583,9.4
20.6587,9.3
20.7591,9.5
20.8595,9.2
20.9598,9.1
21.0602,9.4
21.1606,9.9
21.2610,9.8
21.3614,9.2
21.4618,8.7
21.5622,8.8
21.6626,8.7
21.7629,9.0
21.8633,9.4
21.9637,9.2
22.0641,9.3
22.1645,9.2
22.2649,8.7
22.3653,9.6
22.4657,9.2
22.5660,9.3
22.6664,9.3
22.7668,8.9
22.8672,9.4
22.9675,10.0
23.0679,10.0
23.1683,9.7
23.2687,9.8
23.3691,9.7
23.4695,9.3
23.5699,9.2
23.6703,9.0
23.7707,9.2
23.8710,9.2
23.9714,9.5
24.0718,9.0
24.1722,9.2
24.2726,9.3
24.3730,9.5
24.4734,9.3
24.5738,9.7
24.6742,10.0
24.7746,9.7
24.8750,9.5
24.9754,9.7
25.0757,9.9
25.1768,9.3
25.2772,9.5
25.3776,9.9
25.4780,9.8
25.5783,9.7
25.6787,9.5
25.7791,9.5
25.8795,9.8
25.9799,9.8
26.0803,9.7
26.1807,10.2
26.2811,10.3
26.3814,9.5
26.4818,9.5
26.5822,9.4
26.6826,9.7
26.7830,9.5
26.8834,9.6
26.9838,9.4
27.0842,9.8
27.1846,9.3
27.2850,9.1
27.3854,9.2
27.4858,9.2
27.5862,9.3
27.6866,9.8
27.7870,9.6
27.8873,9.3
27.9877,9.7
28.0881,9.6
28.1885,9.4
28.2889,9.5
28.3893,9.4
28.4897,9.5
28.5900,9.4
28.6904,9.4
28.7908,9.3
28.8912,9.5
28.9916,10.0
29.0920,9.7
29.1923,9.6
29.2928,10.1
29.3932,9.9
29.4936,10.1
29.5940,10.1
29.6944,10.3
29.7948,9.7
29.8952,9.3
29.9956,9.1
30.0960,9.2
30.1965,9.8
30.2969,10.0
30.3973,10.1
30.4977,10.2
30.5981,10.1
30.6985,9.8
30.7989,10.2
30.8993,9.9
30.9998,9.7
31.1002,9.4
31.2006,9.6
31.3010,9.8
31.4014,9.6
31.5018,9.9
31.6023,9.7
31.7027,10.0
31.8031,9.9
31.9035,9.9
32.0039,10.2
32.1043,9.6
32.2047,9.5
32.3051,9.9
32.4055,9.8
32.5059,9.7
32.6064,9.8
32.7068,9.8
32.8072,9.6
32.9077,9.5
33.0081,9.5
33.1085,9.2
33.2089,9.6
33.3093,9.5
33.4098,9.5
33.5102,9.2
33.6106,9.3
33.7110,8.6
33.8114,8.9
33.9118,9.1
34.0123,9.4
34.1127,9.6
34.2130,9.9
34.3135,9.6
34.4139,9.3
34.5143,9.7
34.6147,9.8
34.7151,9.4
34.8155,9.2
34.9160,9.5
35.0164,9.9
35.1169,9.7
35.2180,10.0
35.3184,10.2
35.4188,10.2
35.5193,10.1
35.6197,10.3
35.7202,9.8
35.8206,9.9
35.9210,9.9
36.0215,9.6
36.1220,9.9
36.2224,9.4
36.3228,9.5
36.4233,9.4
36.5237,9.3
36.6241,9.4
36.7245,9.8
36.8249,9.8
36.9254,10.0
37.0258,10.0
37.1263,10.0
37.2267,9.9
37.3271,10.0
37.4275,9.8
37.5279,9.7
37.6283,9.8
37.7288,10.3
37.8292,9.5
37.9296,9.7
38.0300,9.9
38.1304,9.2
38.2309,9.3
38.3313,9.4
38.4317,9.9
38.5321,9.4
38.6326,9.1
38.7330,9.6
38.8334,9.6
38.9338,9.6
39.0343,9.7
39.1347,9.4
39.2351,9.5
39.3355,9.0
39.4359,9.4
39.5364,9.9
39.6368,9.6
39.7372,9.7
39.8376,9.5
39.9380,9.1
40.0384,9.3
40.1389,9.6
40.2393,9.6
40.3397,9.4
40.4401,9.9
40.5406,9.8
40.6410,9.8
40.7414,9.7
40.8418,9.7
40.9422,10.2
41.0426,9.6
41.1430,9.7
41.2434,9.6
41.3438,9.7
41.4442,10.0
41.5447,10.1
41.6451,10.1
41.7455,9.8
41.8459,9.8
41.9463,10.0
42.0467,10.4
42.1471,10.3
42.2474,10.0
42.3479,10.0
42.4483,10.1
42.5487,10.2
42.6491,9.6
42.7495,9.8
42.8499,9.4
42.9503,10.0
43.0507,10.2
43.1511,9.8
43.2515,9.9
43.3519,9.9
43.4523,9.5
43.5527,9.8
43.6531,10.0
43.7535,9.8
43.8539,9.7
43.9543,9.9
44.0547,9.8
44.1552,9.6
44.2555,9.5
44.3559,9.6
44.4563,9.8
44.5568,9.9
44.6572,10.2
44.7576,9.6
44.8580,10.1
44.9584,9.9
45.0588,10.2
45.1592,10.1
45.2604,10.1
45.3609,10.2
45.4613,10.1
45.5618,10.2
45.6622,10.2
45.7626,10.4
45.8630,10.4
45.9634,10.7
46.0638,10.2
46.1642,10.3
46.2646,9.9
46.3650,9.9
46.4655,10.2
46.5659,10.3
46.6663,10.2
46.7667,10.4
46.8671,10.1
46.9675,10.0
47.0680,9.9
47.1684,10.1
47.2688,9.9
47.3692,9.6
47.4697,9.4
47.5701,9.7
47.6705,9.8
47.7709,10.1
47.8714,10.2
47.9718,10.4
48.0722,10.4
48.1727,10.2
48.2731,10.1
48.3735,9.7
48.4739,9.7
48.5743,10.0
48.6747,10.3
48.7751,10.3
48.8755,10.0
48.9759,10.0
49.0763,9.5
49.1768,10.4
49.2774,10.7
49.3779,9.9
49.4783,10.0
49.5787,10.6
49.6790,10.2
49.7794,10.3
49.8798,10.0
49.9802,10.4
50.0807,10.3
50.1811,10.3
50.2822,11.0
50.3826,10.6
50.4831,10.2
50.5835,10.4
50.6839,9.3
50.7844,7.5
50.8849,7.1
50.9855,7.8
51.0861,7.8
51.1867,8.4
51.2872,8.5
51.3876,7.5
51.4881,7.6
51.5888,7.6
51.6894,7.8
51.7899,7.5
51.8904,8.0
51.9909,7.6
52.0914,8.0
52.1918,8.3
52.2925,7.8
52.3931,7.6
52.4937,7.6
52.5943,7.6
52.6948,8.5
52.7953,7.5
52.8958,7.3
52.9962,9.0
53.0967,8.1
53.1972,7.5
53.2978,8.0
53.3983,8.5
53.4988,8.4
53.5994,7.7
53.6999,7.5
53.8004,7.2
53.9010,6.7
54.0015,6.8
54.1019,7.3
54.2025,7.1
54.3031,7.0
54.4037,7.9
54.5042,6.5
54.6047,7.0
54.7052,6.2
54.8059,6.6
54.9065,9.3
55.0069,9.3
55.1073,9.5
55.2077,9.5
55.3080,9.5
55.4084,9.4
55.5088,9.5
55.6092,9.5
55.7095,9.6
55.8099,9.4
55.9102,9.9
56.0106,9.6
56.1111,7.5
56.2116,7.5
56.3123,7.4
56.4130,7.1
56.5134,7.2
56.6139,6.5
56.7145,6.6
56.8150,6.8
56.9155,7.4
57.0161,8.3
57.1166,7.3
57.2171,6.9
57.3176,7.7
57.4181,7.9
57.5186,7.0
57.6191,7.9
57.7196,7.5
57.8202,7.6
57.9208,8.4
58.0213,7.9
58.1218,7.7
58.2224,7.7
58.3230,7.1
58.4235,7.8
58.5240,7.9
58.6246,8.4
58.7252,7.6
58.8257,7.1
58.9263,7.5
59.0270,7.7
59.1276,7.3
59.2281,7.7
59.3286,7.9
59.4291,7.7
59.5297,7.9
59.6302,8.8
59.7307,7.2
59.8313,8.4
59.9319,8.2
60.0326,7.2
60.1331,7.3
60.2337,7.9
60.3342,7.3
60.4347,7.1
60.5352,7.1
60.6357,7.5
60.7362,7.3
60.8367,7.7
60.9372,9.8
61.0379,10.8
61.1384,11.4
61.2390,11.5
61.3395,11.6
61.4400,11.3
61.5406,11.8
61.6411,12.1
61.7415,11.8
61.8420,10.3
61.9425,11.0
62.0430,11.3
62.1434,10.6
62.2440,11.1
62.3446,10.8
62.4452,10.7
62.5458,11.1
62.6462,10.8
62.7466,10.6
62.8470,10.6
62.9475,10.3
63.0479,9.9
63.1483,9.9
63.2487,9.6
63.3491,9.8
63.4494,9.9
63.5498,10.3
63.6502,9.8
63.7506,9.5
63.8510,9.3
63.9514,9.1
64.0518,9.3
64.1522,9.5
64.2526,8.8
64.3529,9.3
64.4533,9.2
64.5537,9.4
64.6541,9.0
64.7545,9.6
64.8549,9.8
64.9553,10.1
65.0557,9.9
65.1560,10.1
65.2565,10.4
65.3577,10.4
65.4580,10.4
65.5584,10.1
65.6588,10.3
65.7592,10.5
65.8596,10.3
65.9600,10.3
66.0604,10.1
66.1608,9.9
66.2613,10.0
66.3616,9.8
66.4620,10.0
66.5624,9.9
66.6628,9.6
66.7632,9.5
66.8636,9.1
66.9640,9.6
67.0643,10.0
67.1647,10.0
67.2651,9.6
67.3655,9.4
67.4659,9.3
67.5663,9.1
67.6667,9.7
67.7671,9.9
67.8675,9.4
67.9679,9.7
68.0682,9.5
68.1686,9.8
68.2690,9.8
68.3694,9.6
68.4698,10.0
68.5702,9.1
68.6706,9.6
68.7710,10.5
68.8714,11.4
68.9720,11.6
69.0726,11.2
69.1731,11.7
69.2737,10.9
69.3744,11.4
69.4748,11.8
69.5754,11.3
69.6758,11.3
69.7763,11.1
69.8770,11.3
69.9776,11.5
70.0781,11.4
70.1787,11.5
70.2793,11.5
70.3799,11.0
70.4804,11.1
70.5811,10.9
70.6819,10.8
70.7825,10.7
70.8832,10.5
70.9836,10.9
71.0841,11.0
71.1851,10.4
71.2857,11.0
71.3863,10.7
71.4868,10.9
71.5875,10.5
71.6880,10.0
71.7884,7.0
71.8889,6.8
71.9894,7.6
72.0899,6.6
72.1905,7.0
72.2910,7.1
72.3915,6.8
72.4921,6.9
72.5926,6.8
72.6930,6.8
72.7937,8.2
72.8944,7.4
72.9948,7.1
73.0952,7.3
73.1958,7.4
73.2962,7.4
73.3968,9.2
73.4974,7.8
73.5979,7.0
73.6983,6.8
73.7988,7.1
73.8993,6.7
73.9999,7.2
74.1005,7.5
74.2010,7.3
74.3016,8.2
74.4022,7.7
74.5026,7.4
74.6030,7.3
74.7035,8.1
74.8039,7.3
74.9044,7.7
75.0048,10.1
75.1052,9.7
75.2056,9.8
75.3060,9.8
75.4064,9.8
75.5068,9.9
75.6072,10.1
75.7075,9.8
75.8079,9.6
75.9083,9.7
76.0087,9.1
76.1091,8.5
76.2095,7.6
76.3100,7.7
76.4106,7.8
76.5111,7.9
76.6116,7.3
76.7120,6.8
76.8125,7.5
76.9131,8.7
77.0136,7.2
77.1142,6.9
77.2147,6.6
77.3151,6.7
77.4156,7.0
77.5161,7.2
77.6168,7.5
77.7173,7.5
77.8177,7.7
77.9182,7.1
78.0188,7.7
78.1194,8.1
78.2198,8.4
78.3203,8.6
78.4207,7.8
78.5212,7.7
78.6219,6.9
78.7223,8.0
78.8227,6.9
78.9233,6.8
79.0238,7.2
79.1243,8.0
79.2248,8.1
79.3254,8.0
79.4260,8.6
79.5266,7.9
79.6271,7.2
79.7276,6.9
79.8281,7.0
79.9286,6.9
80.0290,6.9
80.1295,6.8
80.2299,7.0
80.3304,7.2
80.4313,7.2
80.5317,6.7
80.6322,7.4
80.7327,7.3
80.8333,7.6
80.9337,8.2
81.0343,8.4
81.1349,8.2
81.2355,7.9
81.3361,6.6
81.4367,7.8
81.5372,7.4
81.6377,7.1
81.7382,7.4
81.8387,7.3
81.9394,7.4
82.0399,7.2
82.1404,7.8
82.2409,7.9
82.3415,8.4
82.4421,7.9
82.5426,8.8
82.6430,7.6
82.7436,7.3
82.8442,7.1
82.9448,7.7
83.0454,7.2
83.1460,7.3
83.2466,7.8
83.3470,7.7
83.4475,9.3
83.5482,8.9
83.6488,7.9
83.7492,7.0
83.8497,7.1
83.9503,7.3
84.0508,6.7
84.1512,8.9
84.2519,7.7
84.3523,7.5
84.4529,6.8
84.5534,7.0
84.6540,7.1
84.7547,7.6
84.8553,7.9
84.9557,10.5
85.0561,10.3
85.1565,10.4
85.2569,10.4
85.3573,9.9
85.4580,9.9
85.5584,9.9
85.6588,9.8
85.7592,9.7
85.8596,9.6
85.9599,9.7
86.0604,7.7
86.1608,7.5
86.2614,7.8
86.3621,7.8
86.4627,8.4
86.5632,9.1
86.6637,7.6
86.7642,7.2
86.8648,7.8
86.9653,7.3
87.0659,7.8
87.1664,8.8
87.2669,8.6
87.3674,7.3
87.4680,7.5
87.5685,8.0
87.6691,7.5
87.7695,7.4
87.8700,7.6
87.9706,8.1
88.0712,7.9
88.1717,7.7
88.2723,8.0
88.3728,8.2
88.4732,7.7
88.5737,7.7
88.6743,7.2
88.7748,7.5
88.8753,7.6
88.9757,7.1
89.0762,7.3
89.1768,7.1
89.2774,7.7
89.3778,7.9
89.4783,8.6
89.5788,9.0
89.6794,8.0
89.7799,7.6
89.8804,7.9
89.9809,7.6
90.0813,7.9
90.1818,9.3
90.2823,8.6
90.3828,7.5
90.4837,7.7
90.5843,7.7
90.6848,8.0
90.7852,8.2
90.8859,8.2
90.9864,7.9
91.0869,7.7
91.1874,8.0
91.2880,8.3
91.3885,7.9
91.4890,8.9
91.5895,8.4
91.6901,8.8
91.7907,8.1
91.8913,8.0
91.9919,8.2
92.0924,8.1
92.1929,8.2
92.2934,7.6
92.3940,7.7
92.4946,8.3
92.5951,7.8
92.6955,7.9
92.7960,7.6
92.8966,9.0
92.9972,7.6
93.0977,7.9
93.1981,7.9
93.2986,9.3
93.3992,10.3
93.4997,10.0
93.6001,9.8
93.7008,8.6
93.8014,8.6
93.9020,9.1
94.0025,8.1
94.1031,8.1
94.2036,7.8
94.3041,8.3
94.4047,7.4
94.5052,7.9
94.6058,7.6
94.7064,8.1
94.8070,7.3
94.9075,8.0
95.0079,10.3
95.1083,11.0
95.2087,10.7
95.3091,10.9
95.4095,10.3
96.1753,8.1
96.2759,7.5
96.3765,8.4
96.4770,7.6
96.5775,8.6
96.6780,7.4
96.7786,8.0
96.8790,7.7
96.9795,7.8
97.0800,7.5
97.1807,7.3
97.2812,7.8
97.3818,6.9
97.4823,7.4
97.5829,7.5
97.6834,7.4
97.7841,7.5
97.8846,8.4
97.9851,8.3
98.0856,8.7
98.1862,9.4
98.2867,8.4
98.3874,8.2
98.4878,8.0
98.5885,7.7
98.6890,9.0
98.7895,7.6
98.8900,8.7
98.9905,7.4
99.0910,7.3
99.1917,8.0
99.2921,7.9
99.3928,7.3
99.4933,7.7
99.5938,8.7
99.6944,8.4
99.7950,8.0
99.8955,7.6
99.9961,7.9
100.0967,7.1
100.1972,7.7
100.2977,9.2
100.3982,8.4
100.4988,9.3
101.3466,7.3
101.4471,8.9
101.5476,9.7
101.6482,9.3
101.7488,9.1
101.8492,9.8
101.9498,9.4
102.0502,9.8
102.1507,9.6
102.2512,9.7
102.3517,9.5
102.4521,9.5
102.5528,9.3
102.6533,9.2
102.7538,10.4
102.8543,9.7
102.9549,9.6
103.0554,9.6
103.1560,9.8
103.2567,8.6
103.3573,8.0
103.4577,10.3
103.5583,9.9
103.6589,10.2
103.7594,10.1
103.8599,9.7
103.9604,9.4
104.0609,9.5
104.1614,8.4
104.2619,8.6
104.3623,9.6
104.4629,9.6
104.5634,8.6
104.6638,7.8
104.7644,7.9
104.8649,7.3
104.9654,10.4
105.0659,9.9
105.1663,9.9
105.2668,10.2
105.3672,10.0
105.4676,9.7
105.5680,9.9
105.6684,10.0
105.7688,9.9
105.8692,9.7
105.9696,9.8
106.0700,9.0
106.1706,7.4
106.2711,7.5
106.3717,7.6
106.4722,7.9
106.5727,8.3
106.6732,7.9
106.7737,7.9
106.8741,7.9
106.9746,7.9
107.0751,9.0
107.1756,8.9
107.2761,7.3
107.3766,7.9
107.4771,7.9
107.5776,8.4
107.6781,8.5
107.7787,8.7
107.8794,8.4
107.9799,7.6
108.0804,7.4
108.1810,7.5
108.2815,7.9
108.3821,7.6
108.4825,7.7
108.5831,7.4
108.6837,7.2
108.7842,8.0
108.8848,8.2
108.9853,7.4
109.0858,7.0
109.1863,10.3
109.2867,8.9
109.3872,8.0
109.4877,8.1
109.5882,7.6
109.6888,7.8
109.7893,7.4
109.8900,7.6
109.9905,7.4
110.0910,7.1
110.1915,7.4
110.2920,7.3
110.3926,7.3
110.4931,8.3
110.5937,7.7
110.6942,8.6
110.7948,8.5
110.8954,8.8
110.9960,9.1
111.0965,8.3
111.1971,6.8
111.2977,7.9
111.3983,7.6
111.4989,6.9
111.5995,6.9
111.7001,7.3
111.8008,7.9
111.9013,8.3
112.0018,7.5
112.1023,7.7
112.2028,7.7
112.3034,7.5
112.4041,7.8
112.5046,8.4
112.6051,8.3
112.7057,8.7
112.8062,8.7
112.9067,8.0
113.0072,6.8
113.1077,7.4
113.2082,8.8
113.3089,7.8
113.4094,9.8
113.5099,9.5
113.6104,10.2
113.7109,8.6
113.8114,8.5
113.9119,8.1
114.0124,8.4
114.1129,9.5
114.2135,7.8
114.3141,9.0
114.4147,7.9
114.5153,8.2
114.6159,8.2
114.7164,8.3
114.8169,7.9
114.9174,7.8
115.0178,9.9
115.1181,10.3
115.2185,10.0
115.3189,10.2
115.4193,10.4
115.5197,10.1
115.6201,9.9
115.7205,10.2
115.8208,10.0
115.9212,9.6
116.0215,9.5
116.1219,7.8
116.2224,7.4
116.3228,8.2
116.4233,7.6
116.5239,7.5
116.6243,7.6
116.7249,7.3
116.8254,7.2
116.9258,7.5
117.0263,7.2
117.1268,8.1
117.2273,7.4
117.3279,6.9
117.4284,6.9
117.5289,7.2
117.6294,6.8
117.7298,6.9
117.8304,7.0
117.9309,7.0
118.0313,7.5
118.1318,7.5
118.2323,8.0
118.3327,7.1
118.4332,6.9
118.5337,7.6
118.6343,6.5
118.7348,6.7
118.8353,6.9
118.9357,7.0
119.0363,6.6
119.1369,6.7
119.2374,7.0
119.3378,7.6
119.4385,7.5
119.5391,7.5
119.6398,7.4
119.7403,7.5
119.8409,7.3
119.9414,7.7
120.0419,7.3
