0.1001,26.0
0.2008,22.3
0.3011,20.4
0.4014,20.5
0.5016,21.0
0.6019,20.9
0.7021,21.2
0.8025,20.8
0.9028,20.7
1.0031,20.7
1.1034,20.9
1.2036,20.7
1.3040,20.8
1.4044,20.5
1.5046,20.5
1.6049,20.5
1.7052,20.6
1.8055,20.8
1.9058,20.7
2.0060,20.9
2.1064,20.9
2.2067,20.8
2.3069,20.5
2.4072,20.8
2.5075,20.7
2.6078,20.9
2.7081,20.8
2.8086,20.5
2.9089,20.4
3.0091,20.3
3.1094,20.2
3.2097,20.4
3.3099,24.2
3.4103,27.2
3.5107,26.8
3.6109,25.6
3.7113,23.5
3.8116,20.8
3.9119,20.5
4.0122,20.7
4.1125,20.7
4.2128,20.9
4.3131,20.5
4.4135,20.1
4.5137,20.5
4.6141,20.6
4.7144,20.9
4.8146,21.4
4.9149,30.5
5.0151,34.8
5.1153,40.6
5.2156,41.5
5.3158,39.6
5.4160,34.3
5.5163,33.8
5.6165,33.5
5.7168,33.9
5.8170,33.6
5.9172,38.7
6.0175,33.6
6.1179,22.9
6.2183,21.4
6.3186,21.1
6.4189,21.3
6.5193,21.6
6.6197,21.1
6.7201,21.3
6.8205,20.8
6.9209,20.8
7.0212,20.8
7.1216,20.7
7.2219,20.6
7.3222,20.6
7.4225,20.4
7.5229,20.6
7.6232,20.6
7.7236,21.0
7.8239,20.7
7.9243,20.9
8.0245,20.6
8.1248,20.9
8.2251,21.0
8.3254,20.7
8.4256,20.7
8.5259,20.8
8.6262,20.7
8.7266,21.0
8.8268,20.7
8.9272,20.5
9.0275,20.9
9.1279,20.8
9.2281,20.8
9.3284,20.8
9.4287,21.0
9.5290,20.7
9.6293,20.7
9.7295,21.3
9.8300,20.7
9.9302,20.9
10.0306,20.7
10.1310,20.9
10.2313,20.8
10.3316,24.7
10.4318,32.4
10.5320,35.5
10.6323,34.7
10.7325,34.7
10.8328,34.5
10.9330,34.7
11.0332,34.5
11.1335,34.7
11.2337,34.6
11.3339,34.6
11.4342,34.8
11.5344,34.6
11.6347,35.1
11.7349,34.5
11.8351,34.6
11.9354,34.8
12.0356,34.5
12.1359,34.5
12.2361,34.5
12.3363,34.3
12.4366,34.2
12.5369,34.7
12.6371,35.0
12.7373,35.0
12.8376,34.8
12.9378,34.7
13.0380,34.4
13.1383,34.4
13.2385,34.4
13.3387,38.9
13.4390,36.2
13.5392,36.2
13.6394,36.0
13.7397,35.3
13.8399,34.6
13.9402,34.7
14.0404,34.5
14.1406,34.8
14.2409,34.7
14.3411,34.3
14.4413,34.6
14.5416,34.7
14.6418,34.9
14.7420,34.9
14.8423,36.1
14.9425,37.9
15.0428,37.7
15.1437,37.2
15.2439,37.9
15.3442,37.8
15.4444,38.3
15.5447,37.9
15.6449,37.9
15.7452,38.6
15.8455,38.6
15.9457,46.0
16.0460,40.4
16.1463,35.4
16.2466,35.4
16.3468,35.3
16.4471,34.9
16.5473,36.2
16.6476,37.0
16.7478,34.0
16.8481,33.5
16.9483,34.3
17.0486,34.1
17.1488,34.0
17.2490,34.5
17.3492,34.8
17.4495,34.2
17.5497,34.0
17.6500,33.9
17.7502,34.4
17.8504,34.0
17.9507,34.0
18.0509,33.9
18.1511,34.0
18.2514,34.2
18.3516,34.0
18.4519,34.0
18.5521,34.0
18.6523,34.7
18.7526,34.6
18.8528,34.7
18.9531,34.4
19.0533,34.4
19.1536,34.4
19.2538,34.3
19.3540,34.5
19.4543,33.8
19.5545,34.0
19.6548,33.8
19.7550,34.7
19.8553,34.7
19.9555,34.8
20.0557,35.0
20.1567,34.9
20.2571,35.2
20.3576,35.2
20.4579,35.1
20.5583,35.3
20.6587,35.3
20.7591,35.0
20.8595,34.6
20.9598,34.9
21.0602,34.7
21.1606,35.2
21.2610,35.1
21.3614,34.4
21.4618,34.9
21.5622,34.6
21.6626,34.9
21.7629,35.0
21.8633,35.0
21.9637,34.9
22.0641,35.0
22.1645,34.7
22.2649,34.8
22.3653,35.1
22.4657,34.9
22.5660,35.1
22.6664,34.9
22.7668,35.0
22.8672,35.0
22.9675,35.0
23.0679,34.6
23.1683,35.1
23.2687,34.6
23.3691,40.0
23.4695,38.1
23.5699,35.1
23.6703,35.0
23.7707,34.7
23.8710,34.4
23.9714,34.9
24.0718,34.2
24.1722,34.3
24.2726,34.8
24.3730,39.0
24.4734,34.9
24.5738,34.6
24.6742,35.3
24.7746,34.8
24.8750,36.1
24.9754,37.4
25.0757,37.2
25.1768,37.6
25.2772,37.5
25.3776,37.4
25.4780,38.2
25.5783,37.4
25.6787,37.5
25.7791,37.3
25.8795,41.1
25.9799,44.1
26.0803,35.9
26.1807,35.0
26.2811,34.9
26.3814,34.6
26.4818,34.5
26.5822,34.8
26.6826,34.6
26.7830,34.4
26.8834,35.0
26.9838,34.5
27.0842,34.3
27.1846,34.4
27.2850,34.4
27.3854,34.6
27.4858,34.2
27.5862,34.4
27.6866,34.2
27.7870,34.5
27.8873,34.1
27.9877,34.4
28.0881,34.6
28.1885,34.6
28.2889,34.3
28.3893,34.7
28.4897,34.2
28.5900,34.4
28.6904,34.8
28.7908,34.1
28.8912,34.4
28.9916,34.2
29.0920,34.4
29.1923,34.9
29.2928,34.7
29.3932,34.7
29.4936,35.3
29.5940,34.8
29.6944,35.7
29.7948,34.7
29.8952,34.9
29.9956,35.0
30.0960,35.2
30.1965,35.2
30.2969,34.8
30.3973,34.9
30.4977,35.3
30.5981,34.5
30.6985,34.5
30.7989,34.6
30.8993,34.8
30.9998,35.0
31.1002,35.6
31.2006,35.5
31.3010,35.1
31.4014,34.8
31.5018,35.2
31.6023,35.7
31.7027,35.2
31.8031,34.8
31.9035,34.7
32.0039,34.9
32.1043,34.6
32.2047,34.9
32.3051,34.9
32.4055,34.8
32.5059,34.6
32.6064,35.1
32.7068,35.2
32.8072,35.1
32.9077,34.7
33.0081,34.9
33.1085,35.5
33.2089,34.6
33.3093,36.8
33.4098,39.2
33.5102,35.5
33.6106,35.3
33.7110,35.2
33.8114,35.3
33.9118,35.8
34.0123,35.2
34.1127,35.4
34.2130,35.3
34.3135,35.1
34.4139,34.6
34.5143,35.1
34.6147,35.0
34.7151,35.1
34.8155,35.1
34.9160,37.9
35.0164,38.5
35.1169,38.3
35.2180,38.8
35.3184,38.1
35.4188,38.0
35.5193,37.8
35.6197,38.0
35.7202,37.8
35.8206,38.0
35.9210,42.6
36.0215,42.9
36.1220,35.4
36.2224,35.2
36.3228,34.9
36.4233,34.9
36.5237,35.1
36.6241,35.1
36.7245,35.2
36.8249,35.0
36.9254,35.5
37.0258,35.3
37.1263,35.8
37.2267,35.2
37.3271,35.2
37.4275,35.7
37.5279,35.7
37.6283,34.7
37.7288,34.8
37.8292,34.7
37.9296,35.2
38.0300,34.8
38.1304,35.3
38.2309,35.1
38.3313,35.4
38.4317,35.4
38.5321,35.5
38.6326,35.1
38.7330,35.2
38.8334,35.4
38.9338,34.7
39.0343,34.5
39.1347,35.1
39.2351,35.6
39.3355,35.2
39.4359,35.6
39.5364,35.2
39.6368,35.3
39.7372,35.5
39.8376,35.2
39.9380,35.7
40.0384,35.8
40.1389,35.6
40.2393,34.9
40.3397,34.9
40.4401,35.2
40.5406,35.2
40.6410,35.6
40.7414,35.3
40.8418,35.4
40.9422,35.3
41.0426,35.2
41.1430,35.3
41.2434,35.7
41.3438,35.5
41.4442,35.8
41.5447,35.0
41.6451,35.2
41.7455,35.6
41.8459,35.4
41.9463,35.5
42.0467,36.0
42.1471,35.8
42.2474,34.6
42.3479,35.5
42.4483,35.3
42.5487,35.3
42.6491,35.3
42.7495,35.4
42.8499,35.3
42.9503,35.1
43.0507,35.2
43.1511,34.5
43.2515,34.9
43.3519,38.8
43.4523,35.6
43.5527,34.9
43.6531,35.8
43.7535,35.1
43.8539,34.9
43.9543,35.5
44.0547,35.2
44.1552,35.0
44.2555,34.8
44.3559,35.6
44.4563,34.7
44.5568,34.7
44.6572,35.8
44.7576,35.0
44.8580,35.9
44.9584,38.1
45.0588,37.9
45.1592,38.3
45.2604,38.8
45.3609,38.0
45.4613,38.1
45.5618,38.7
45.6622,38.6
45.7626,38.3
45.8630,38.1
45.9634,44.3
46.0638,40.2
46.1642,35.5
46.2646,34.9
46.3650,34.8
46.4655,34.8
46.5659,35.3
46.6663,35.1
46.7667,35.0
46.8671,34.9
46.9675,35.8
47.0680,35.5
47.1684,35.1
47.2688,34.8
47.3692,35.1
47.4697,35.6
47.5701,35.4
47.6705,35.5
47.7709,35.3
47.8714,35.6
47.9718,35.4
48.0722,35.2
48.1727,35.6
48.2731,35.2
48.3735,34.9
48.4739,34.9
48.5743,35.2
48.6747,35.0
48.7751,35.6
48.8755,35.8
48.9759,36.1
49.0763,35.9
49.1768,37.4
49.2774,40.2
49.3779,35.6
49.4783,35.6
49.5787,35.8
49.6790,35.7
49.7794,35.3
49.8798,36.0
49.9802,36.0
50.0807,36.1
50.1811,35.9
50.2822,38.6
50.3826,37.7
50.4831,35.5
50.5835,35.8
50.6839,25.7
50.7844,21.1
50.8849,21.7
50.9855,21.9
51.0861,21.3
51.1867,21.3
51.2872,21.1
51.3876,21.1
51.4881,20.7
51.5888,21.5
51.6894,21.8
51.7899,21.0
51.8904,21.4
51.9909,21.3
52.0914,21.1
52.1918,21.4
52.2925,21.4
52.3931,21.7
52.4937,21.0
52.5943,21.1
52.6948,21.2
52.7953,20.9
52.8958,21.1
52.9962,26.1
53.0967,23.9
53.1972,21.4
53.2978,21.6
53.3983,27.8
53.4988,25.1
53.5994,21.4
53.6999,21.0
53.8004,21.3
53.9010,21.5
54.0015,21.3
54.1019,21.2
54.2025,21.0
54.3031,20.9
54.4037,21.3
54.5042,20.9
54.6047,21.2
54.7052,21.5
54.8059,21.2
54.9065,27.0
55.0069,33.3
55.1073,34.6
55.2077,34.1
55.3080,33.4
55.4084,33.6
55.5088,33.7
55.6092,34.6
55.7095,41.2
55.8099,40.9
55.9102,42.4
56.0106,40.5
56.1111,25.2
56.2116,22.1
56.3123,21.4
56.4130,21.3
56.5134,21.9
56.6139,21.6
56.7145,21.7
56.8150,21.4
56.9155,21.3
57.0161,21.7
57.1166,21.3
57.2171,21.2
57.3176,21.7
57.4181,21.7
57.5186,21.6
57.6191,21.3
57.7196,21.3
57.8202,21.5
57.9208,21.7
58.0213,22.0
58.1218,21.4
58.2224,21.5
58.3230,21.4
58.4235,21.3
58.5240,21.2
58.6246,21.3
58.7252,21.4
58.8257,22.0
58.9263,21.4
59.0270,21.5
59.1276,21.5
59.2281,21.8
59.3286,21.4
59.4291,21.6
59.5297,21.1
59.6302,21.7
59.7307,21.1
59.8313,21.2
59.9319,21.2
60.0326,21.3
60.1331,21.5
60.2337,21.7
60.3342,21.4
60.4347,21.4
60.5352,21.3
60.6357,21.7
60.7362,21.7
60.8367,21.3
60.9372,24.2
61.0379,61.4
61.1384,77.3
61.2390,76.6
61.3395,77.1
61.4400,77.1
61.5406,77.3
61.6411,76.2
61.7415,68.4
61.8420,38.6
61.9425,64.2
62.0430,78.3
62.1434,78.3
62.2440,78.0
62.3446,79.2
62.4452,76.2
62.5458,70.6
62.6462,57.2
62.7466,46.5
62.8470,41.7
62.9475,37.4
63.0479,35.0
63.1483,34.6
63.2487,34.5
63.3491,38.1
63.4494,36.9
63.5498,34.6
63.6502,34.5
63.7506,34.2
63.8510,34.2
63.9514,34.5
64.0518,34.8
64.1522,35.2
64.2526,34.5
64.3529,34.8
64.4533,34.9
64.5537,34.5
64.6541,34.6
64.7545,34.8
64.8549,34.9
64.9553,37.8
65.0557,37.6
65.1560,37.8
65.2565,37.3
65.3577,37.8
65.4580,37.3
65.5584,36.9
65.6588,37.3
65.7592,37.0
65.8596,36.8
65.9600,42.6
66.0604,40.9
66.1608,34.1
66.2613,33.5
66.3616,33.8
66.4620,33.6
66.5624,34.0
66.6628,33.7
66.7632,33.5
66.8636,33.4
66.9640,33.6
67.0643,33.6
67.1647,33.6
67.2651,33.3
67.3655,33.0
67.4659,33.4
67.5663,33.5
67.6667,33.8
67.7671,33.6
67.8675,33.5
67.9679,33.8
68.0682,33.4
68.1686,34.2
68.2690,33.8
68.3694,33.5
68.4698,33.8
68.5702,33.5
68.6706,34.2
68.7710,41.3
68.8714,77.7
68.9720,75.3
69.0726,75.5
69.1731,76.0
69.2737,74.3
69.3744,75.9
69.4748,75.2
69.5754,73.4
69.6758,75.6
69.7763,74.4
69.8770,74.6
69.9776,75.8
70.0781,74.5
70.1787,75.3
70.2793,75.2
70.3799,74.5
70.4804,75.2
70.5811,75.7
70.6819,75.2
70.7825,75.2
70.8832,75.1
70.9836,76.2
71.0841,75.6
71.1851,75.5
71.2857,76.2
71.3863,75.5
71.4868,74.7
71.5875,70.2
71.6880,51.4
71.7884,24.5
71.8889,21.4
71.9894,21.1
72.0899,21.2
72.1905,21.6
72.2910,21.3
72.3915,21.2
72.4921,21.4
72.5926,21.2
72.6930,21.4
72.7937,20.8
72.8944,20.7
72.9948,21.3
73.0952,20.9
73.1958,21.4
73.2962,21.1
73.3968,27.5
73.4974,21.7
73.5979,21.2
73.6983,21.5
73.7988,21.0
73.8993,21.4
73.9999,21.2
74.1005,20.9
74.2010,21.3
74.3016,20.9
74.4022,21.3
74.5026,21.3
74.6030,21.3
74.7035,21.0
74.8039,21.1
74.9044,25.7
75.0048,32.8
75.1052,33.6
75.2056,33.7
75.3060,33.6
75.4064,33.6
75.5068,33.6
75.6072,33.7
75.7075,33.8
75.8079,33.5
75.9083,35.8
76.0087,39.6
76.1091,28.8
76.2095,22.4
76.3100,21.4
76.4106,21.4
76.5111,21.3
76.6116,21.5
76.7120,21.4
76.8125,21.2
76.9131,21.3
77.0136,20.9
77.1142,21.2
77.2147,21.1
77.3151,20.8
77.4156,20.9
77.5161,21.2
77.6168,21.0
77.7173,21.2
77.8177,21.1
77.9182,21.3
78.0188,20.9
78.1194,21.1
78.2198,21.4
78.3203,21.1
78.4207,21.0
78.5212,20.7
78.6219,20.5
78.7223,29.1
78.8227,21.7
78.9233,21.3
79.0238,21.2
79.1243,21.7
79.2248,21.3
79.3254,21.2
79.4260,21.8
79.5266,21.4
79.6271,21.2
79.7276,21.1
79.8281,21.6
79.9286,20.9
80.0290,20.8
80.1295,21.2
80.2299,21.3
80.3304,21.2
80.4313,21.8
80.5317,21.1
80.6322,21.2
80.7327,21.1
80.8333,21.6
80.9337,21.6
81.0343,21.3
81.1349,21.1
81.2355,21.4
81.3361,21.3
81.4367,21.1
81.5372,21.0
81.6377,21.2
81.7382,21.4
81.8387,21.4
81.9394,21.6
82.0399,20.9
82.1404,21.4
82.2409,21.1
82.3415,21.1
82.4421,21.8
82.5426,21.1
82.6430,21.5
82.7436,21.2
82.8442,21.2
82.9448,21.5
83.0454,20.7
83.1460,21.2
83.2466,21.4
83.3470,23.8
83.4475,27.4
83.5482,26.6
83.6488,22.0
83.7492,21.5
83.8497,21.4
83.9503,21.3
84.0508,21.0
84.1512,21.4
84.2519,21.3
84.3523,21.0
84.4529,21.2
84.5534,21.1
84.6540,21.2
84.7547,21.1
84.8553,21.7
84.9557,29.8
85.0561,33.5
85.1565,34.1
85.2569,33.8
85.3573,33.8
85.4580,34.0
85.5584,33.5
85.6588,33.7
85.7592,33.6
85.8596,33.5
85.9599,38.7
86.0604,32.3
86.1608,22.4
86.2614,21.8
86.3621,21.7
86.4627,21.6
86.5632,22.0
86.6637,21.9
86.7642,21.7
86.8648,21.2
86.9653,21.5
87.0659,21.1
87.1664,21.4
87.2669,21.5
87.3674,20.9
87.4680,21.5
87.5685,20.9
87.6691,21.0
87.7695,21.5
87.8700,21.2
87.9706,21.5
88.0712,21.1
88.1717,21.2
88.2723,21.3
88.3728,21.2
88.4732,22.6
88.5737,21.2
88.6743,21.3
88.7748,21.0
88.8753,20.9
88.9757,21.2
89.0762,21.5
89.1768,21.6
89.2774,21.0
89.3778,20.9
89.4783,21.5
89.5788,21.4
89.6794,21.2
89.7799,20.9
89.8804,21.4
89.9809,21.4
90.0813,21.0
90.1818,21.1
90.2823,20.9
90.3828,21.0
90.4837,21.5
90.5843,21.1
90.6848,21.7
90.7852,21.2
90.8859,21.3
90.9864,21.4
91.0869,21.3
91.1874,21.4
91.2880,21.2
91.3885,20.7
91.4890,21.3
91.5895,20.9
91.6901,20.8
91.7907,20.8
91.8913,21.3
91.9919,21.2
92.0924,21.0
92.1929,21.1
92.2934,21.0
92.3940,20.8
92.4946,21.4
92.5951,21.4
92.6955,21.0
92.7960,21.1
92.8966,21.2
92.9972,21.1
93.0977,21.0
93.1981,20.9
93.2986,20.8
93.3992,28.8
93.4997,29.0
93.6001,25.2
93.7008,21.9
93.8014,21.3
93.9020,21.0
94.0025,21.2
94.1031,20.8
94.2036,21.0
94.3041,20.8
94.4047,20.7
94.5052,21.0
94.6058,21.0
94.7064,21.0
94.8070,20.9
94.9075,24.5
95.0079,31.6
95.1083,34.3
95.2087,33.4
95.3091,33.5
95.4095,33.5
96.1753,21.6
96.2759,20.9
96.3765,21.4
96.4770,21.1
96.5775,21.5
96.6780,21.1
96.7786,21.2
96.8790,21.4
96.9795,21.2
97.0800,21.1
97.1807,21.3
97.2812,20.7
97.3818,20.7
97.4823,21.0
97.5829,21.2
97.6834,21.1
97.7841,20.9
97.8846,21.3
97.9851,20.9
98.0856,21.0
98.1862,21.7
98.2867,21.2
98.3874,21.1
98.4878,21.2
98.5885,20.6
98.6890,20.8
98.7895,20.8
98.8900,21.0
98.9905,20.8
99.0910,20.8
99.1917,21.3
99.2921,21.4
99.3928,21.4
99.4933,21.9
99.5938,21.2
99.6944,21.6
99.7950,21.3
99.8955,21.0
99.9961,20.9
100.0967,21.0
100.1972,21.0
100.2977,22.9
100.3982,22.5
100.4988,22.3
101.3466,22.2
101.4471,21.7
101.5476,23.6
101.6482,23.0
101.7488,23.4
101.8492,23.1
101.9498,23.5
102.0502,23.2
102.1507,23.6
102.2512,22.9
102.3517,23.5
102.4521,23.6
102.5528,23.2
102.6533,23.5
102.7538,23.3
102.8543,23.2
102.9549,23.2
103.0554,22.5
103.1560,23.4
103.2567,22.3
103.3573,23.7
103.4577,28.8
103.5583,26.7
103.6589,25.0
103.7594,23.9
103.8599,23.4
103.9604,23.4
104.0609,22.9
104.1614,22.2
104.2619,22.4
104.3623,23.2
104.4629,22.2
104.5634,21.5
104.6638,22.1
104.7644,20.9
104.8649,21.0
104.9654,37.9
105.0659,41.2
105.1663,39.8
105.2668,38.6
105.3672,35.6
105.4676,33.9
105.5680,33.6
105.6684,33.5
105.7688,33.7
105.8692,33.6
105.9696,37.7
106.0700,37.2
106.1706,23.1
106.2711,21.4
106.3717,21.3
106.4722,21.4
106.5727,21.6
106.6732,21.2
106.7737,21.1
106.8741,21.2
106.9746,20.9
107.0751,21.0
107.1756,21.1
107.2761,21.2
107.3766,21.1
107.4771,21.3
107.5776,21.2
107.6781,21.1
107.7787,21.5
107.8794,21.4
107.9799,21.1
108.0804,21.2
108.1810,21.5
108.2815,21.5
108.3821,21.4
108.4825,20.9
108.5831,21.2
108.6837,20.9
108.7842,21.2
108.8848,21.5
108.9853,21.1
109.0858,21.5
109.1863,30.4
109.2867,29.3
109.3872,21.5
109.4877,21.3
109.5882,21.0
109.6888,21.3
109.7893,21.3
109.8900,21.2
109.9905,20.9
110.0910,20.7
110.1915,21.3
110.2920,21.3
110.3926,21.4
110.4931,21.4
110.5937,21.2
110.6942,21.6
110.7948,21.1
110.8954,21.1
110.9960,21.4
111.0965,21.0
111.1971,21.7
111.2977,20.9
111.3983,21.2
111.4989,21.5
111.5995,20.8
111.7001,21.4
111.8008,21.8
111.9013,21.0
112.0018,21.3
112.1023,21.6
112.2028,21.7
112.3034,21.2
112.4041,21.3
112.5046,21.7
112.6051,21.3
112.7057,21.3
112.8062,21.2
112.9067,20.9
113.0072,21.1
113.1077,21.5
113.2082,21.4
113.3089,21.1
113.4094,27.1
113.5099,26.2
113.6104,25.6
113.7109,21.6
113.8114,21.2
113.9119,21.1
114.0124,21.1
114.1129,21.1
114.2135,21.7
114.3141,21.0
114.4147,21.0
114.5153,21.3
114.6159,21.1
114.7164,21.2
114.8169,21.4
114.9174,24.2
115.0178,31.7
115.1181,33.4
115.2185,33.3
115.3189,33.6
115.4193,33.7
115.5197,33.6
115.6201,33.8
115.7205,33.9
115.8208,33.7
115.9212,35.7
116.0215,39.7
116.1219,27.0
116.2224,22.1
116.3228,21.9
116.4233,22.0
116.5239,22.0
116.6243,21.8
116.7249,21.6
116.8254,21.1
116.9258,21.0
117.0263,21.3
117.1268,21.6
117.2273,21.2
117.3279,21.1
117.4284,21.1
117.5289,21.5
117.6294,21.1
117.7298,21.1
117.8304,21.2
117.9309,21.0
118.0313,21.7
118.1318,21.2
118.2323,21.5
118.3327,21.1
118.4332,21.2
118.5337,20.9
118.6343,21.0
118.7348,21.2
118.8353,20.8
118.9357,20.8
119.0363,20.9
119.1369,21.4
119.2374,21.0
119.3378,21.2
119.4385,21.7
119.5391,21.2
119.6398,21.3
119.7403,21.3
119.8409,20.9
119.9414,20.9
120.0419,21.2
