0.1001,1.3
0.2003,1.2
0.3005,1.2
0.4006,1.2
0.5008,1.7
0.6010,1.3
0.7011,1.3
0.8013,1.3
0.9014,1.8
1.0016,1.9
1.1017,4.0
1.2019,1.1
1.3020,1.2
1.4022,1.2
1.5023,1.2
1.6025,1.3
1.7027,1.8
1.8028,1.3
1.9030,1.4
2.0031,1.3
2.1033,1.8
2.2035,1.1
2.3036,1.1
2.4038,1.2
2.5039,1.3
2.6041,1.3
2.7043,1.3
2.8044,1.3
2.9046,1.8
3.0048,1.3
3.1049,1.1
3.2051,1.1
3.3052,1.6
3.4054,1.2
3.5055,1.2
3.6057,1.3
3.7058,1.4
3.8060,1.3
3.9062,1.4
4.0063,1.2
4.1065,1.6
4.2066,2.3
4.3068,1.2
4.4070,1.2
4.5071,1.7
4.6073,1.3
4.7074,1.3
4.8076,1.3
4.9077,1.4
5.0079,2.8
5.1081,4.1
5.2083,7.1
5.3084,6.3
5.4086,7.4
5.5087,1.3
5.6089,1.3
5.7091,1.8
5.8093,1.3
5.9094,1.4
6.0096,1.4
6.1098,1.2
6.2099,1.1
6.3101,1.1
6.4102,1.3
6.5104,1.7
6.6105,1.3
6.7107,1.3
6.8109,1.3
6.9110,1.8
7.0112,1.4
7.1114,1.1
7.2115,1.1
7.3117,1.2
7.4118,1.2
7.5120,1.2
7.6122,1.3
7.7123,1.8
7.8125,1.3
7.9127,1.3
8.0128,1.3
8.1130,1.6
8.2131,1.1
8.3133,1.2
8.4134,1.2
8.5136,1.3
8.6137,1.3
8.7139,1.3
8.8141,1.3
8.9142,1.8
9.0144,1.3
9.1145,1.2
9.2148,2.1
9.3149,1.6
9.4151,1.2
9.5152,1.2
9.6154,1.3
9.7155,1.4
9.8157,1.3
9.9158,1.4
10.0160,1.3
10.1162,1.6
10.2163,1.1
10.3165,1.2
10.4167,4.3
10.5168,10.8
10.6170,10.3
10.7172,2.4
10.8173,13.6
10.9175,12.9
11.0177,13.1
11.1180,14.8
11.2182,12.0
11.3184,14.6
11.4186,14.0
11.5188,9.4
11.6191,9.6
11.7193,10.6
11.8196,12.1
11.9198,10.0
12.0201,12.7
12.1203,13.3
12.2205,14.1
12.3208,11.4
12.4210,11.7
12.5213,13.7
12.6215,12.8
12.7217,11.1
12.8218,12.8
12.9220,12.9
13.0221,11.8
13.1222,12.6
13.2224,11.2
13.3226,14.9
13.4227,14.9
13.5229,15.0
13.6230,15.1
13.7232,15.2
13.8233,15.2
13.9235,15.0
14.0236,15.0
14.1238,14.6
14.3993,4.1
14.4995,15.2
14.5996,15.1
14.6998,15.1
14.8000,15.2
14.9001,15.2
15.0003,15.3
15.1006,15.2
15.2008,15.1
15.3010,15.2
15.4012,15.4
15.5015,15.3
15.6017,15.2
15.7019,13.9
15.8021,9.1
15.9023,6.5
16.0026,6.3
16.1028,13.9
16.2030,12.7
16.3033,11.7
16.4035,14.7
16.5037,14.9
16.6039,15.2
16.7042,15.0
16.8044,14.8
16.9046,10.3
17.0048,14.7
17.1050,14.9
17.2051,14.8
17.3052,15.0
17.4054,13.6
17.5055,13.9
17.6057,14.7
17.7058,14.9
17.8060,15.0
17.9061,14.8
18.0063,14.7
18.1065,14.7
18.2066,14.7
18.3068,14.6
18.4069,14.8
18.5071,14.6
18.6072,14.2
18.7074,14.9
18.8076,11.6
18.9077,15.0
19.0079,10.9
19.1080,7.7
19.2082,13.4
19.3083,2.0
19.4085,1.4
19.5087,1.1
19.6088,5.2
19.7090,14.9
19.8091,15.1
19.9093,15.0
20.0095,15.0
20.1096,15.1
20.2098,14.6
20.3099,9.7
20.4101,12.8
20.5102,14.7
20.6104,15.0
20.7105,13.7
20.8107,14.9
20.9109,13.9
21.0110,15.0
21.1111,15.0
21.2113,14.8
21.3114,14.1
21.4116,15.1
21.5118,15.2
21.6119,15.2
21.7121,15.0
21.8122,14.8
21.9124,14.5
22.0126,14.8
22.1127,15.0
22.2128,15.1
22.3130,14.8
22.4132,15.0
22.5133,14.7
22.6135,15.0
22.7136,14.9
22.8138,14.9
22.9139,15.0
23.0141,15.0
23.1142,14.9
23.2144,14.6
23.3145,15.0
23.4147,14.8
23.5148,14.9
23.6150,14.6
23.7151,14.9
23.8153,14.9
23.9155,14.8
24.0156,14.8
24.1158,14.9
24.2159,11.3
24.3712,11.9
24.4714,14.2
24.5715,14.4
24.6717,14.2
24.7719,14.0
24.8721,14.2
24.9722,14.4
25.0724,14.1
25.1726,14.5
25.2728,14.2
25.3730,14.2
25.4732,13.9
25.5733,14.2
25.6735,14.4
25.7737,14.3
25.8739,14.3
25.9740,14.1
26.0742,14.4
26.1744,14.3
26.2745,14.2
26.3747,14.0
26.4749,14.4
26.5751,14.2
26.6753,13.8
26.7754,14.7
26.8756,14.8
26.9758,14.6
27.0760,14.8
27.1763,15.1
27.2765,15.0
27.3767,15.3
27.4770,15.1
27.5772,15.2
27.6774,15.0
27.7776,14.2
27.8778,15.0
27.9780,15.0
28.0782,15.0
28.1783,15.2
28.2785,15.2
28.3787,15.2
28.4790,15.1
28.5792,15.3
28.6794,14.9
28.7796,14.9
28.8798,15.2
28.9800,15.1
29.0802,15.3
29.1804,15.0
29.2806,13.5
29.3809,2.5
29.4811,2.3
29.5813,2.3
29.6816,2.2
29.7819,2.7
29.8821,1.5
29.9823,1.8
30.0826,6.3
30.1828,5.2
30.2830,1.8
30.3833,2.0
30.4835,2.1
30.5838,2.6
30.6840,12.5
30.7842,15.0
30.8844,15.3
30.9846,15.2
31.0848,15.2
31.1851,15.2
31.2853,15.0
31.3855,15.2
31.4856,15.1
31.5858,15.1
31.6860,15.2
31.7861,15.3
31.8864,15.0
31.9866,15.2
32.0868,15.2
32.1870,15.3
32.2872,15.2
32.3874,15.2
32.4876,15.1
32.5878,15.0
32.6880,15.0
32.7881,15.8
32.8883,15.2
32.9885,15.0
33.0887,15.1
33.1889,15.4
33.2890,15.1
33.3893,15.4
33.4895,15.2
33.5897,15.3
33.6899,15.0
33.7901,15.1
33.8902,15.0
33.9904,15.2
34.0906,15.2
34.1908,15.5
34.2910,14.4
34.3913,2.3
34.4915,3.0
34.5917,3.1
34.6920,2.7
34.7922,2.8
34.8924,2.7
34.9927,6.8
35.0928,15.2
35.1931,15.4
35.2933,15.3
35.3935,15.5
35.4938,15.3
35.5940,15.3
35.6942,15.3
35.7944,15.4
35.8946,15.2
35.9948,15.2
36.0950,15.3
36.1952,15.5
36.2955,15.2
36.3957,15.2
36.4959,15.3
36.5961,15.2
36.6963,13.5
36.7965,15.0
36.8967,15.2
36.9969,15.3
37.0971,15.1
37.1973,15.2
37.2976,14.9
37.3978,15.3
37.4980,15.2
37.5982,15.0
37.6984,15.2
37.7986,15.3
37.8988,15.1
37.9991,15.0
38.0993,15.1
38.1995,15.2
38.2997,15.0
38.3998,14.9
38.5000,15.3
38.6001,15.0
38.7003,15.2
38.8005,15.0
38.9007,15.1
39.0008,15.3
39.1010,15.1
39.2012,15.1
39.3014,11.6
39.4016,3.0
39.5019,2.7
39.6021,2.4
39.7023,2.9
39.8026,2.6
39.9028,3.1
40.0030,2.7
40.1032,2.8
40.2035,2.9
40.3037,3.1
40.4039,2.9
40.5042,2.5
40.6044,3.0
40.7047,2.8
40.8049,2.7
40.9051,2.9
41.0054,2.6
41.1056,2.7
41.2058,2.3
41.3060,4.8
41.4062,15.3
41.5065,15.1
41.6067,15.2
41.7069,15.2
41.8071,13.5
41.9073,15.4
42.0076,14.6
42.1078,14.9
42.2080,14.0
42.3082,15.2
42.4085,15.1
42.5087,14.3
42.6089,15.3
42.7091,15.2
42.8093,15.2
42.9095,12.1
43.0098,1.9
43.1100,1.5
43.2103,1.5
43.3105,1.6
43.4107,1.6
43.5110,1.3
43.6112,1.3
43.7115,1.4
43.8117,1.9
43.9120,1.4
44.0122,1.4
44.1125,1.5
44.2127,1.9
44.3129,1.5
44.4132,3.0
44.5135,2.0
44.6137,2.1
44.7139,2.1
44.8142,2.0
44.9144,2.2
45.0146,2.4
45.1149,1.7
45.2151,1.6
45.3153,1.5
45.4156,2.0
45.5159,1.2
45.6161,1.3
45.7163,1.4
45.8166,1.4
45.9168,1.4
46.0171,1.5
46.1173,1.5
46.2175,1.9
46.3178,1.5
46.4180,1.5
46.5183,1.3
46.6185,1.8
46.7188,1.3
46.8190,1.4
46.9192,1.5
47.0195,1.5
47.1197,1.5
47.2200,1.6
47.3202,1.5
47.4205,1.8
47.5207,1.3
47.6209,1.3
47.7211,1.4
47.8214,1.9
47.9216,6.9
48.0218,13.8
48.1221,1.5
48.2223,1.6
48.3226,1.5
48.4228,1.5
48.5231,1.4
48.6233,1.8
48.7235,1.3
48.8238,1.4
48.9240,1.4
49.0243,1.9
49.1245,1.5
49.2248,1.5
49.3250,1.5
49.4253,5.1
49.5256,3.1
49.6258,2.6
49.7261,1.3
49.8263,1.7
49.9266,1.3
50.0268,1.4
50.1271,1.4
50.2273,1.9
50.3275,1.5
50.4277,1.5
50.5280,1.5
50.6282,1.6
50.7285,1.3
50.8287,1.3
50.9290,1.4
51.0292,1.9
51.1294,1.4
51.2297,1.4
51.3299,1.5
51.4302,1.9
51.5304,1.6
51.6306,1.6
51.7309,1.4
51.8311,1.3
51.9314,1.3
52.0316,1.4
52.1318,1.5
52.2321,1.9
52.3323,1.5
52.4326,1.4
52.5328,1.4
52.6331,2.0
52.7333,1.3
52.8336,1.3
52.9338,1.3
53.0340,8.1
53.1342,43.0
53.2344,43.9
53.3346,44.1
53.4347,43.7
53.5349,43.9
53.6351,43.3
53.7353,43.9
53.8354,44.3
53.9356,44.3
54.0358,43.7
54.1360,41.2
54.2362,24.3
54.3364,44.1
54.4365,43.9
54.5367,44.2
54.6369,44.0
54.7371,44.1
54.8372,44.0
54.9374,37.8
55.0376,42.2
55.1377,44.1
55.2379,43.8
55.3381,44.2
55.4383,44.3
55.5385,43.6
55.6387,28.5
55.7389,16.1
55.8391,15.2
55.9393,15.1
56.0396,15.2
56.1398,15.3
56.2400,15.1
56.3402,15.3
56.4404,14.9
56.5407,15.2
56.6409,15.1
56.7411,15.2
56.8413,15.2
56.9415,15.1
57.0418,15.3
57.1420,15.1
57.2422,15.2
57.3424,14.9
57.4427,15.1
57.5429,14.8
57.6431,15.0
57.7433,14.9
57.8435,15.0
57.9437,15.0
58.0440,15.1
58.1442,15.2
58.2444,15.4
58.3446,15.1
58.4449,15.1
58.5451,15.1
58.6453,15.3
58.7456,15.2
58.8458,15.1
58.9460,15.2
59.0462,15.2
59.1465,14.9
59.2467,15.0
59.3469,15.0
59.4472,10.4
59.5474,10.0
59.6477,12.3
59.7478,15.6
59.8480,16.5
59.9482,15.6
60.0483,15.0
60.1485,15.0
60.2486,15.1
60.3488,15.0
60.4490,17.6
60.5492,43.7
60.6493,44.2
60.7495,44.5
60.8497,44.4
60.9498,44.4
61.0500,44.9
61.1502,45.1
61.2504,45.0
61.3505,45.1
61.4507,45.2
61.5509,45.2
61.6511,45.1
61.7513,45.2
61.8514,45.3
61.9516,45.3
62.0518,45.2
62.1519,45.4
62.2521,45.2
62.3523,45.3
62.4524,44.6
62.5526,44.6
62.6528,44.8
62.7530,44.8
62.8531,45.3
62.9533,45.4
63.0534,45.4
63.1536,45.3
63.2538,45.3
63.3540,45.4
63.4541,45.2
63.5543,45.5
63.6545,25.0
63.7547,1.5
63.8550,1.5
63.9553,1.4
64.0555,1.5
64.1557,1.5
64.2560,2.0
64.3562,1.5
64.4565,3.8
64.5568,2.5
64.6570,2.4
64.7573,2.4
64.8575,2.1
64.9578,2.4
65.0581,2.2
65.1583,2.5
65.2585,1.8
65.3588,2.0
65.4590,2.8
65.5593,2.0
65.6596,2.3
65.7598,2.0
65.8601,2.5
65.9603,2.1
66.0605,1.9
66.1608,2.1
66.2610,1.9
66.3613,2.4
66.4615,2.3
66.5617,2.1
66.6620,2.4
66.7622,2.2
66.8624,2.0
66.9627,2.1
67.0629,2.5
67.1631,2.0
67.2634,2.6
67.3637,2.0
67.4639,2.1
67.5641,1.9
67.6644,2.1
67.7646,2.2
67.8649,2.6
67.9651,2.0
68.0654,2.0
68.1656,2.1
68.2659,2.9
68.3661,2.2
68.4664,2.5
68.5666,1.7
68.6668,1.6
68.7671,2.0
68.8673,2.3
68.9676,1.9
69.0678,2.7
69.1680,2.0
69.2683,2.3
69.3685,2.1
69.4688,2.6
69.5690,1.5
69.6692,2.0
69.7695,2.1
69.8697,2.4
69.9700,1.9
70.0702,1.9
70.1705,2.5
70.2707,2.8
70.3710,2.4
70.4712,1.7
70.5715,2.2
71.2855,1.6
71.3858,1.3
71.4861,1.8
71.5863,1.3
71.6865,1.4
71.7868,1.4
71.8870,1.8
71.9873,1.5
72.0875,1.6
72.1877,1.5
72.2880,1.5
72.3882,1.3
72.4885,1.3
72.5887,1.3
72.6890,1.8
72.7892,1.3
72.8895,1.5
72.9897,1.5
73.0899,1.9
73.1902,1.6
73.2904,1.6
73.3907,1.4
73.4909,1.3
73.5912,1.4
73.6914,1.4
73.7917,1.4
73.8919,1.9
73.9921,1.5
74.0924,1.4
74.1926,1.5
74.2929,1.9
74.3931,1.3
74.4934,1.3
74.5936,1.4
74.6939,1.5
74.7941,1.5
74.8943,1.5
74.9946,1.5
75.0948,2.0
75.1951,1.5
75.2953,1.5
75.3956,1.4
75.4958,1.7
75.5961,1.3
75.6963,1.4
75.7966,1.4
75.8968,1.4
75.9970,1.4
76.0973,1.5
76.1975,1.7
76.2978,4.0
76.3980,3.1
76.4983,1.3
76.5985,1.3
76.6987,1.7
76.7990,1.4
76.8992,1.5
76.9995,1.4
77.0997,1.5
77.1999,1.5
77.3002,1.5
77.4004,1.6
77.5007,1.7
77.6009,1.2
77.7012,1.4
77.8014,1.5
77.9017,1.9
78.0019,1.5
78.1021,1.5
78.2024,1.5
78.3026,1.5
78.4029,1.5
78.5031,1.2
78.6034,1.4
78.7036,12.1
78.8038,12.0
78.9039,7.5
79.0042,1.4
79.1044,1.8
79.2047,1.4
79.3049,1.5
79.4052,1.5
79.5054,1.5
79.6056,1.5
79.7059,1.3
79.8061,1.4
79.9063,1.8
80.0066,1.4
80.1068,1.4
80.2070,1.4
80.3073,1.9
80.4075,1.5
80.5077,1.5
80.6080,1.5
80.7082,1.3
80.8085,1.2
80.9087,1.3
81.0090,1.4
81.1092,1.8
81.2095,1.5
81.3097,1.5
81.4099,1.5
81.5102,1.9
81.6104,5.3
81.7107,1.4
81.8109,1.3
81.9112,1.4
82.0114,1.4
82.1117,1.4
82.2119,1.5
82.3122,1.9
82.4124,1.5
82.5127,1.5
82.6129,1.5
82.7131,1.7
82.8134,1.3
82.9136,1.4
83.0138,1.4
83.1141,1.5
83.2144,1.4
83.3146,1.4
83.4148,1.6
83.5150,1.9
83.6153,1.4
83.7155,1.3
83.8157,1.3
83.9160,1.7
84.0162,1.4
84.1164,1.4
84.2167,1.4
84.3169,1.5
84.4171,1.4
84.5174,1.5
84.6176,1.5
84.7179,1.7
84.8181,1.4
84.9183,1.4
85.0186,1.4
85.1188,1.9
85.2191,1.5
85.3193,1.4
85.4195,1.5
85.5198,1.6
85.6200,1.4
85.7202,1.4
85.8205,1.4
85.9207,1.8
86.0210,1.5
86.1212,1.5
86.2215,1.4
86.3217,2.0
86.4219,1.5
86.5222,1.5
86.6225,1.5
86.7227,1.3
86.8230,1.3
86.9232,1.3
87.0234,1.5
87.1237,1.8
87.2239,1.5
87.3241,1.5
87.4244,1.5
87.5246,1.9
87.6249,1.4
87.7251,1.3
87.8254,1.3
87.9256,1.4
88.0259,1.4
88.1261,1.4
88.2263,1.5
88.3266,1.9
88.4268,1.5
88.5271,1.5
88.6273,1.5
88.7276,1.7
88.8278,1.3
88.9281,1.4
89.0283,1.4
89.1285,1.4
89.2288,1.5
89.3290,1.5
89.4293,1.5
89.5295,1.9
89.6298,1.4
89.7300,1.3
89.8302,1.3
89.9305,1.8
90.0307,1.4
90.1310,1.4
90.2312,1.5
90.3314,1.4
90.4317,1.5
90.5319,1.5
90.6322,1.5
90.7324,1.8
90.8326,1.3
90.9329,1.3
91.0331,1.4
91.1333,1.8
91.2336,1.5
91.3338,1.5
91.4341,1.5
91.5343,1.5
91.6346,1.5
91.7348,1.2
91.8351,1.4
91.9353,1.8
92.0356,1.3
92.1358,1.5
92.2360,1.5
92.3363,1.8
92.4365,1.5
92.5368,1.5
92.6370,1.4
92.7373,1.4
92.8375,1.3
92.9378,1.3
93.0380,1.4
93.1383,1.9
93.2385,1.5
93.3387,1.5
93.4390,1.6
93.5392,1.9
93.6395,1.4
93.7397,1.3
93.8400,1.3
93.9402,1.4
94.0404,1.4
94.1407,1.3
94.2409,1.5
94.3411,1.9
94.4414,1.5
94.5416,1.5
94.6418,1.4
94.7421,1.7
94.8423,1.4
94.9426,1.3
95.0428,1.4
95.1430,1.4
95.2433,1.5
95.3435,1.5
95.4437,1.6
95.5440,1.9
95.6442,1.5
95.7445,1.4
95.8447,1.4
95.9450,1.8
96.0452,1.5
96.1454,1.4
96.2457,1.5
96.3459,1.4
96.4462,1.5
96.5464,1.5
96.6467,1.5
96.7469,1.7
96.8472,1.3
96.9474,1.4
97.0477,1.4
97.1479,1.9
97.2482,1.5
97.3484,1.4
97.4486,1.5
97.5489,1.5
97.6491,1.3
97.7493,1.3
97.8496,1.3
97.9498,1.7
98.0500,1.4
98.1503,1.4
98.2505,1.4
98.3508,1.9
98.4510,2.4
98.5513,3.0
98.6516,3.3
98.7518,3.2
98.8520,3.0
98.9523,2.0
99.0525,1.3
99.1528,1.7
99.2530,1.4
99.3533,1.4
99.4535,1.3
99.5538,1.9
99.6540,1.5
99.7543,1.5
99.8545,1.6
99.9548,1.4
100.0550,1.3
100.1552,1.4
100.2554,1.4
100.3557,1.8
100.4559,1.4
100.5562,1.5
100.6564,1.5
100.7567,1.9
100.8569,1.5
100.9572,1.3
101.0574,1.3
101.1576,1.4
101.2579,1.4
101.3581,1.4
101.4583,1.4
101.5586,1.9
101.6588,6.1
101.7590,1.5
101.8593,1.5
101.9595,1.9
102.0597,1.4
102.1600,1.3
102.2602,1.3
102.3605,1.4
102.4607,1.4
102.5610,1.5
102.6612,1.5
102.7614,1.9
102.8617,1.5
102.9619,1.4
103.0621,1.4
103.1624,1.7
103.2626,1.4
103.3629,1.4
103.4631,1.7
103.5633,1.5
103.6636,1.6
103.7639,1.5
103.8641,1.6
103.9643,1.8
104.0646,1.3
104.1648,1.3
104.2651,1.4
104.3653,1.7
104.4655,1.4
104.5658,1.4
104.6660,1.5
104.7663,1.5
104.8665,1.5
104.9668,1.4
105.0670,1.3
105.1672,1.7
105.2675,1.3
105.3677,1.3
105.4679,1.4
105.5682,1.9
105.6684,1.5
105.7686,1.5
105.8689,1.5
105.9691,1.4
106.0693,1.3
106.1696,1.3
106.2698,1.5
106.3700,1.8
106.4703,1.4
106.5705,1.5
106.6708,1.6
106.7711,1.9
106.8713,1.6
106.9715,1.4
107.0718,1.3
107.1720,1.4
107.2723,1.4
107.3725,1.4
107.4727,1.5
107.5730,1.9
107.6732,1.5
107.7735,1.6
107.8737,1.6
107.9739,1.8
108.0742,1.3
108.1744,1.3
108.2747,1.4
108.3749,1.4
108.4752,1.4
108.5754,1.5
108.6756,1.6
108.7759,1.9
108.8761,1.5
108.9764,1.4
109.0766,1.3
109.1769,1.8
109.2771,1.4
109.3773,1.4
109.4776,1.4
109.5778,1.5
109.6780,1.5
109.7783,1.5
109.8785,1.6
109.9787,1.8
110.0790,1.3
110.1792,1.3
110.2794,1.4
110.3797,1.8
110.4799,1.3
110.5801,1.5
110.6804,1.5
110.7806,1.5
110.8809,1.5
110.9811,1.4
111.0813,1.3
111.1815,1.7
111.2818,1.4
111.3820,1.4
111.4823,1.4
111.5825,1.9
111.6827,1.6
111.7830,1.4
111.8832,2.0
111.9835,1.3
112.0837,1.4
112.1840,1.4
112.2842,1.4
112.3844,1.7
112.4847,1.4
112.5849,1.5
112.6852,1.5
112.7854,1.9
112.8856,1.5
112.9859,1.3
113.0861,1.4
113.1864,1.4
113.2866,1.4
113.3868,1.4
113.4871,1.5
113.5873,1.9
113.6876,1.5
113.7878,1.5
113.8881,1.5
113.9883,1.7
114.0886,1.3
114.1888,1.3
114.2890,1.4
114.3893,1.4
114.4895,1.4
114.5898,1.5
114.6900,1.6
114.7903,2.0
114.8905,1.6
114.9907,1.3
115.0910,1.4
115.1912,1.8
115.2915,1.4
115.3917,1.4
115.4919,1.5
115.5922,1.5
115.6924,1.5
115.7927,1.5
115.8929,1.5
115.9931,1.8
116.0934,1.3
116.1936,1.3
116.2939,1.4
116.3941,1.8
116.4944,1.3
116.5946,1.6
116.6949,1.6
116.7951,1.5
116.8953,1.5
116.9956,1.4
117.0958,1.3
117.1961,1.8
117.2963,1.3
117.3965,1.4
117.4968,1.5
117.5970,1.8
117.6973,1.5
117.7975,1.5
117.8978,1.6
117.9980,1.4
118.0982,1.3
118.1985,1.3
118.2987,1.4
118.3990,1.7
118.4992,1.4
118.5995,1.5
118.6997,1.4
118.7999,1.8
118.9002,1.6
119.0004,1.4
119.1007,1.3
119.2009,1.4
119.3011,1.4
119.4014,1.3
119.5016,1.4
119.6018,1.8
119.7021,1.4
119.8024,1.5
119.9026,1.6
120.0028,1.7
