0.1001,0.0
0.2008,0.0
0.3011,0.0
0.4014,0.0
0.5016,0.0
0.6019,0.0
0.7021,0.0
0.8025,0.0
0.9028,0.0
1.0031,0.0
1.1034,0.0
1.2036,0.0
1.3040,0.0
1.4044,0.0
1.5046,0.0
1.6049,0.0
1.7052,0.0
1.8055,0.0
1.9058,0.0
2.0060,0.0
2.1064,0.0
2.2067,0.0
2.3069,0.0
2.4072,0.0
2.5075,0.0
2.6078,0.0
2.7081,0.0
2.8086,0.0
2.9089,0.0
3.0091,0.0
3.1094,0.0
3.2097,0.0
3.3099,0.0
3.4103,0.0
3.5107,0.0
3.6109,0.0
3.7113,0.0
3.8116,0.0
3.9119,0.0
4.0122,0.0
4.1125,0.0
4.2128,0.0
4.3131,0.0
4.4135,0.0
4.5137,0.0
4.6141,0.0
4.7144,0.0
4.8146,0.0
4.9149,0.0
5.0151,0.0
5.1153,0.0
5.2156,0.0
5.3158,0.0
5.4160,0.0
5.5163,0.0
5.6165,0.0
5.7168,0.0
5.8170,0.0
5.9172,0.0
6.0175,0.0
6.1179,0.0
6.2183,0.0
6.3186,0.0
6.4189,0.0
6.5193,0.0
6.6197,0.0
6.7201,0.0
6.8205,0.0
6.9209,0.0
7.0212,0.0
7.1216,0.0
7.2219,0.0
7.3222,0.0
7.4225,0.0
7.5229,0.0
7.6232,0.0
7.7236,0.0
7.8239,0.0
7.9243,0.0
8.0245,0.0
8.1248,0.0
8.2251,0.0
8.3254,0.0
8.4256,0.0
8.5259,0.0
8.6262,0.0
8.7266,0.0
8.8268,0.0
8.9272,0.0
9.0275,0.0
9.1279,0.0
9.2281,0.0
9.3284,0.0
9.4287,0.0
9.5290,0.0
9.6293,0.0
9.7295,0.0
9.8300,0.0
9.9302,0.0
10.0306,0.0
10.1310,0.0
10.2313,0.0
10.3316,0.0
10.4318,0.0
10.5320,0.0
10.6323,0.0
10.7325,0.0
10.8328,0.0
10.9330,0.0
11.0332,0.0
11.1335,0.0
11.2337,0.0
11.3339,0.0
11.4342,0.0
11.5344,0.0
11.6347,0.0
11.7349,0.0
11.8351,0.0
11.9354,0.0
12.0356,0.0
12.1359,0.0
12.2361,0.0
12.3363,0.0
12.4366,0.0
12.5369,0.0
12.6371,0.0
12.7373,0.0
12.8376,0.0
12.9378,0.0
13.0380,0.0
13.1383,0.0
13.2385,0.0
13.3387,0.0
13.4390,0.0
13.5392,0.0
13.6394,0.0
13.7397,0.0
13.8399,0.0
13.9402,0.0
14.0404,0.0
14.1406,0.0
14.2409,0.0
14.3411,0.0
14.4413,0.0
14.5416,0.0
14.6418,0.0
14.7420,0.0
14.8423,0.0
14.9425,0.0
15.0428,0.0
15.1437,0.0
15.2439,0.0
15.3442,0.0
15.4444,0.0
15.5447,0.0
15.6449,0.0
15.7452,0.0
15.8455,0.0
15.9457,0.0
16.0460,0.0
16.1463,0.0
16.2466,0.0
16.3468,0.0
16.4471,0.0
16.5473,0.0
16.6476,0.0
16.7478,0.0
16.8481,0.0
16.9483,0.0
17.0486,0.0
17.1488,0.0
17.2490,0.0
17.3492,0.0
17.4495,0.0
17.5497,0.0
17.6500,0.0
17.7502,0.0
17.8504,0.0
17.9507,0.0
18.0509,0.0
18.1511,0.0
18.2514,0.0
18.3516,0.0
18.4519,0.0
18.5521,0.0
18.6523,0.0
18.7526,0.0
18.8528,0.0
18.9531,0.0
19.0533,0.0
19.1536,0.0
19.2538,0.0
19.3540,0.0
19.4543,0.0
19.5545,0.0
19.6548,0.0
19.7550,0.0
19.8553,0.0
19.9555,0.0
20.0557,0.0
20.1567,0.0
20.2571,0.0
20.3576,0.0
20.4579,0.0
20.5583,0.0
20.6587,0.0
20.7591,0.0
20.8595,0.0
20.9598,0.0
21.0602,0.0
21.1606,0.0
21.2610,0.0
21.3614,0.0
21.4618,0.0
21.5622,0.0
21.6626,0.0
21.7629,0.0
21.8633,0.0
21.9637,0.0
22.0641,0.0
22.1645,0.0
22.2649,0.0
22.3653,0.0
22.4657,0.0
22.5660,0.0
22.6664,0.0
22.7668,0.0
22.8672,0.0
22.9675,0.0
23.0679,0.0
23.1683,0.0
23.2687,0.0
23.3691,0.0
23.4695,0.0
23.5699,0.0
23.6703,0.0
23.7707,0.0
23.8710,0.0
23.9714,0.0
24.0718,0.0
24.1722,0.0
24.2726,0.0
24.3730,0.0
24.4734,0.0
24.5738,0.0
24.6742,0.0
24.7746,0.0
24.8750,0.0
24.9754,0.0
25.0757,0.0
25.1768,0.0
25.2772,0.0
25.3776,0.0
25.4780,0.0
25.5783,0.0
25.6787,0.0
25.7791,0.0
25.8795,0.0
25.9799,0.0
26.0803,0.0
26.1807,0.0
26.2811,0.0
26.3814,0.0
26.4818,0.0
26.5822,0.0
26.6826,0.0
26.7830,0.0
26.8834,0.0
26.9838,0.0
27.0842,0.0
27.1846,0.0
27.2850,0.0
27.3854,0.0
27.4858,0.0
27.5862,0.0
27.6866,0.0
27.7870,0.0
27.8873,0.0
27.9877,0.0
28.0881,0.0
28.1885,0.0
28.2889,0.0
28.3893,0.0
28.4897,0.0
28.5900,0.0
28.6904,0.0
28.7908,0.0
28.8912,0.0
28.9916,0.0
29.0920,0.0
29.1923,0.0
29.2928,0.0
29.3932,0.0
29.4936,0.0
29.5940,0.0
29.6944,0.0
29.7948,0.0
29.8952,0.0
29.9956,0.0
30.0960,0.0
30.1965,0.0
30.2969,0.0
30.3973,0.0
30.4977,0.0
30.5981,0.0
30.6985,0.0
30.7989,0.0
30.8993,0.0
30.9998,0.0
31.1002,0.0
31.2006,0.0
31.3010,0.0
31.4014,0.0
31.5018,0.0
31.6023,0.0
31.7027,0.0
31.8031,0.0
31.9035,0.0
32.0039,0.0
32.1043,0.0
32.2047,0.0
32.3051,0.0
32.4055,0.0
32.5059,0.0
32.6064,0.0
32.7068,0.0
32.8072,0.0
32.9077,0.0
33.0081,0.0
33.1085,0.0
33.2089,0.0
33.3093,0.0
33.4098,0.0
33.5102,0.0
33.6106,0.0
33.7110,0.0
33.8114,0.0
33.9118,0.0
34.0123,0.0
34.1127,0.0
34.2130,0.0
34.3135,0.0
34.4139,0.0
34.5143,0.0
34.6147,0.0
34.7151,0.0
34.8155,0.0
34.9160,0.0
35.0164,0.0
35.1169,0.0
35.2180,0.0
35.3184,0.0
35.4188,0.0
35.5193,0.0
35.6197,0.0
35.7202,0.0
35.8206,0.0
35.9210,0.0
36.0215,0.0
36.1220,0.0
36.2224,0.0
36.3228,0.0
36.4233,0.0
36.5237,0.0
36.6241,0.0
36.7245,0.0
36.8249,0.0
36.9254,0.0
37.0258,0.0
37.1263,0.0
37.2267,0.0
37.3271,0.0
37.4275,0.0
37.5279,0.0
37.6283,0.0
37.7288,0.0
37.8292,0.0
37.9296,0.0
38.0300,0.0
38.1304,0.0
38.2309,0.0
38.3313,0.0
38.4317,0.0
38.5321,0.0
38.6326,0.0
38.7330,0.0
38.8334,0.0
38.9338,0.0
39.0343,0.0
39.1347,0.0
39.2351,0.0
39.3355,0.0
39.4359,0.0
39.5364,0.0
39.6368,0.0
39.7372,0.0
39.8376,0.0
39.9380,0.0
40.0384,0.0
40.1389,0.0
40.2393,0.0
40.3397,0.0
40.4401,0.0
40.5406,0.0
40.6410,0.0
40.7414,0.0
40.8418,0.0
40.9422,0.0
41.0426,0.0
41.1430,0.0
41.2434,0.0
41.3438,0.0
41.4442,0.0
41.5447,0.0
41.6451,0.0
41.7455,0.0
41.8459,0.0
41.9463,0.0
42.0467,0.0
42.1471,0.0
42.2474,0.0
42.3479,0.0
42.4483,0.0
42.5487,0.0
42.6491,0.0
42.7495,0.0
42.8499,0.0
42.9503,0.0
43.0507,0.0
43.1511,0.0
43.2515,0.0
43.3519,0.0
43.4523,0.0
43.5527,0.0
43.6531,0.0
43.7535,0.0
43.8539,0.0
43.9543,0.0
44.0547,0.0
44.1552,0.0
44.2555,0.0
44.3559,0.0
44.4563,0.0
44.5568,0.0
44.6572,0.0
44.7576,0.0
44.8580,0.0
44.9584,0.0
45.0588,0.0
45.1592,0.0
45.2604,0.0
45.3609,0.0
45.4613,0.0
45.5618,0.0
45.6622,0.0
45.7626,0.0
45.8630,0.0
45.9634,0.0
46.0638,0.0
46.1642,0.0
46.2646,0.0
46.3650,0.0
46.4655,0.0
46.5659,0.0
46.6663,0.0
46.7667,0.0
46.8671,0.0
46.9675,0.0
47.0680,0.0
47.1684,0.0
47.2688,0.0
47.3692,0.0
47.4697,0.0
47.5701,0.0
47.6705,0.0
47.7709,0.0
47.8714,0.0
47.9718,0.0
48.0722,0.0
48.1727,0.0
48.2731,0.0
48.3735,0.0
48.4739,0.0
48.5743,0.0
48.6747,0.0
48.7751,0.0
48.8755,0.0
48.9759,0.0
49.0763,0.0
49.1768,0.0
49.2774,0.0
49.3779,0.0
49.4783,0.0
49.5787,0.0
49.6790,0.0
49.7794,0.0
49.8798,0.0
49.9802,0.0
50.0807,0.0
50.1811,0.0
50.2822,0.0
50.3826,0.0
50.4831,0.0
50.5835,0.0
50.6839,0.0
50.7844,0.0
50.8849,0.0
50.9855,0.0
51.0861,0.0
51.1867,0.0
51.2872,0.0
51.3876,0.0
51.4881,0.0
51.5888,0.0
51.6894,0.0
51.7899,0.0
51.8904,0.0
51.9909,0.0
52.0914,0.0
52.1918,0.0
52.2925,0.0
52.3931,0.0
52.4937,0.0
52.5943,0.0
52.6948,0.0
52.7953,0.0
52.8958,0.0
52.9962,0.0
53.0967,0.0
53.1972,0.0
53.2978,0.0
53.3983,0.0
53.4988,0.0
53.5994,0.0
53.6999,0.0
53.8004,0.0
53.9010,0.0
54.0015,0.0
54.1019,0.0
54.2025,0.0
54.3031,0.0
54.4037,0.0
54.5042,0.0
54.6047,0.0
54.7052,0.0
54.8059,0.0
54.9065,0.0
55.0069,0.0
55.1073,0.0
55.2077,0.0
55.3080,0.0
55.4084,0.0
55.5088,0.0
55.6092,0.0
55.7095,0.0
55.8099,0.0
55.9102,0.0
56.0106,0.0
56.1111,0.0
56.2116,0.0
56.3123,0.0
56.4130,0.0
56.5134,0.0
56.6139,0.0
56.7145,0.0
56.8150,0.0
56.9155,0.0
57.0161,0.0
57.1166,0.0
57.2171,0.0
57.3176,0.0
57.4181,0.0
57.5186,0.0
57.6191,0.0
57.7196,0.0
57.8202,0.0
57.9208,0.0
58.0213,0.0
58.1218,0.0
58.2224,0.0
58.3230,0.0
58.4235,0.0
58.5240,0.0
58.6246,0.0
58.7252,0.0
58.8257,0.0
58.9263,0.0
59.0270,0.0
59.1276,0.0
59.2281,0.0
59.3286,0.0
59.4291,0.0
59.5297,0.0
59.6302,0.0
59.7307,0.0
59.8313,0.0
59.9319,0.0
60.0326,0.0
60.1331,0.0
60.2337,0.0
60.3342,0.0
60.4347,0.0
60.5352,0.0
60.6357,0.0
60.7362,0.0
60.8367,0.0
60.9372,0.0
61.0379,0.0
61.1384,0.0
61.2390,0.0
61.3395,0.0
61.4400,0.0
61.5406,0.0
61.6411,0.0
61.7415,0.0
61.8420,0.0
61.9425,0.0
62.0430,0.0
62.1434,0.0
62.2440,0.0
62.3446,0.0
62.4452,0.0
62.5458,0.0
62.6462,0.0
62.7466,0.0
62.8470,0.0
62.9475,0.0
63.0479,0.0
63.1483,0.0
63.2487,0.0
63.3491,0.0
63.4494,0.0
63.5498,0.0
63.6502,0.0
63.7506,0.0
63.8510,0.0
63.9514,0.0
64.0518,0.0
64.1522,0.0
64.2526,0.0
64.3529,0.0
64.4533,0.0
64.5537,0.0
64.6541,0.0
64.7545,0.0
64.8549,0.0
64.9553,0.0
65.0557,0.0
65.1560,0.0
65.2565,0.0
65.3577,0.0
65.4580,0.0
65.5584,0.0
65.6588,0.0
65.7592,0.0
65.8596,0.0
65.9600,0.0
66.0604,0.0
66.1608,0.0
66.2613,0.0
66.3616,0.0
66.4620,0.0
66.5624,0.0
66.6628,0.0
66.7632,0.0
66.8636,0.0
66.9640,0.0
67.0643,0.0
67.1647,0.0
67.2651,0.0
67.3655,0.0
67.4659,0.0
67.5663,0.0
67.6667,0.0
67.7671,0.0
67.8675,0.0
67.9679,0.0
68.0682,0.0
68.1686,0.0
68.2690,0.0
68.3694,0.0
68.4698,0.0
68.5702,0.0
68.6706,0.0
68.7710,0.0
68.8714,0.0
68.9720,0.0
69.0726,0.0
69.1731,0.0
69.2737,0.0
69.3744,0.0
69.4748,0.0
69.5754,0.0
69.6758,0.0
69.7763,0.0
69.8770,0.0
69.9776,0.0
70.0781,0.0
70.1787,0.0
70.2793,0.0
70.3799,0.0
70.4804,0.0
70.5811,0.0
70.6819,0.0
70.7825,0.0
70.8832,0.0
70.9836,0.0
71.0841,0.0
71.1851,0.0
71.2857,0.0
71.3863,0.0
71.4868,0.0
71.5875,0.0
71.6880,0.0
71.7884,0.0
71.8889,0.0
71.9894,0.0
72.0899,0.0
72.1905,0.0
72.2910,0.0
72.3915,0.0
72.4921,0.0
72.5926,0.0
72.6930,0.0
72.7937,0.0
72.8944,0.0
72.9948,0.0
73.0952,0.0
73.1958,0.0
73.2962,0.0
73.3968,0.0
73.4974,0.0
73.5979,0.0
73.6983,0.0
73.7988,0.0
73.8993,0.0
73.9999,0.0
74.1005,0.0
74.2010,0.0
74.3016,0.0
74.4022,0.0
74.5026,0.0
74.6030,0.0
74.7035,0.0
74.8039,0.0
74.9044,0.0
75.0048,0.0
75.1052,0.0
75.2056,0.0
75.3060,0.0
75.4064,0.0
75.5068,0.0
75.6072,0.0
75.7075,0.0
75.8079,0.0
75.9083,0.0
76.0087,0.0
76.1091,0.0
76.2095,0.0
76.3100,0.0
76.4106,0.0
76.5111,0.0
76.6116,0.0
76.7120,0.0
76.8125,0.0
76.9131,0.0
77.0136,0.0
77.1142,0.0
77.2147,0.0
77.3151,0.0
77.4156,0.0
77.5161,0.0
77.6168,0.0
77.7173,0.0
77.8177,0.0
77.9182,0.0
78.0188,0.0
78.1194,0.0
78.2198,0.0
78.3203,0.0
78.4207,0.0
78.5212,0.0
78.6219,0.0
78.7223,0.0
78.8227,0.0
78.9233,0.0
79.0238,0.0
79.1243,0.0
79.2248,0.0
79.3254,0.0
79.4260,0.0
79.5266,0.0
79.6271,0.0
79.7276,0.0
79.8281,0.0
79.9286,0.0
80.0290,0.0
80.1295,0.0
80.2299,0.0
80.3304,0.0
80.4313,0.0
80.5317,0.0
80.6322,0.0
80.7327,0.0
80.8333,0.0
80.9337,0.0
81.0343,0.0
81.1349,0.0
81.2355,0.0
81.3361,0.0
81.4367,0.0
81.5372,0.0
81.6377,0.0
81.7382,0.0
81.8387,0.0
81.9394,0.0
82.0399,0.0
82.1404,0.0
82.2409,0.0
82.3415,0.0
82.4421,0.0
82.5426,0.0
82.6430,0.0
82.7436,0.0
82.8442,0.0
82.9448,0.0
83.0454,0.0
83.1460,0.0
83.2466,0.0
83.3470,0.0
83.4475,0.0
83.5482,0.0
83.6488,0.0
83.7492,0.0
83.8497,0.0
83.9503,0.0
84.0508,0.0
84.1512,0.0
84.2519,0.0
84.3523,0.0
84.4529,0.0
84.5534,0.0
84.6540,0.0
84.7547,0.0
84.8553,0.0
84.9557,0.0
85.0561,0.0
85.1565,0.0
85.2569,0.0
85.3573,0.0
85.4580,0.0
85.5584,0.0
85.6588,0.0
85.7592,0.0
85.8596,0.0
85.9599,0.0
86.0604,0.0
86.1608,0.0
86.2614,0.0
86.3621,0.0
86.4627,0.0
86.5632,0.0
86.6637,0.0
86.7642,0.0
86.8648,0.0
86.9653,0.0
87.0659,0.0
87.1664,0.0
87.2669,0.0
87.3674,0.0
87.4680,0.0
87.5685,0.0
87.6691,0.0
87.7695,0.0
87.8700,0.0
87.9706,0.0
88.0712,0.0
88.1717,0.0
88.2723,0.0
88.3728,0.0
88.4732,0.0
88.5737,0.0
88.6743,0.0
88.7748,0.0
88.8753,0.0
88.9757,0.0
89.0762,0.0
89.1768,0.0
89.2774,0.0
89.3778,0.0
89.4783,0.0
89.5788,0.0
89.6794,0.0
89.7799,0.0
89.8804,0.0
89.9809,0.0
90.0813,0.0
90.1818,0.0
90.2823,0.0
90.3828,0.0
90.4837,0.0
90.5843,0.0
90.6848,0.0
90.7852,0.0
90.8859,0.0
90.9864,0.0
91.0869,0.0
91.1874,0.0
91.2880,0.0
91.3885,0.0
91.4890,0.0
91.5895,0.0
91.6901,0.0
91.7907,0.0
91.8913,0.0
91.9919,0.0
92.0924,0.0
92.1929,0.0
92.2934,0.0
92.3940,0.0
92.4946,0.0
92.5951,0.0
92.6955,0.0
92.7960,0.0
92.8966,0.0
92.9972,0.0
93.0977,0.0
93.1981,0.0
93.2986,0.0
93.3992,0.0
93.4997,0.0
93.6001,0.0
93.7008,0.0
93.8014,0.0
93.9020,0.0
94.0025,0.0
94.1031,0.0
94.2036,0.0
94.3041,0.0
94.4047,0.0
94.5052,0.0
94.6058,0.0
94.7064,0.0
94.8070,0.0
94.9075,0.0
95.0079,0.0
95.1083,0.0
95.2087,0.0
95.3091,0.0
95.4095,0.0
96.1753,0.0
96.2759,0.0
96.3765,0.0
96.4770,0.0
96.5775,0.0
96.6780,0.0
96.7786,0.0
96.8790,0.0
96.9795,0.0
97.0800,0.0
97.1807,0.0
97.2812,0.0
97.3818,0.0
97.4823,0.0
97.5829,0.0
97.6834,0.0
97.7841,0.0
97.8846,0.0
97.9851,0.0
98.0856,0.0
98.1862,0.0
98.2867,0.0
98.3874,0.0
98.4878,0.0
98.5885,0.0
98.6890,0.0
98.7895,0.0
98.8900,0.0
98.9905,0.0
99.0910,0.0
99.1917,0.0
99.2921,0.0
99.3928,0.0
99.4933,0.0
99.5938,0.0
99.6944,0.0
99.7950,0.0
99.8955,0.0
99.9961,0.0
100.0967,0.0
100.1972,0.0
100.2977,0.0
100.3982,0.0
100.4988,0.0
101.3466,0.0
101.4471,0.0
101.5476,0.0
101.6482,0.0
101.7488,0.0
101.8492,0.0
101.9498,0.0
102.0502,0.0
102.1507,0.0
102.2512,0.0
102.3517,0.0
102.4521,0.0
102.5528,0.0
102.6533,0.0
102.7538,0.0
102.8543,0.0
102.9549,0.0
103.0554,0.0
103.1560,0.0
103.2567,0.0
103.3573,0.0
103.4577,0.0
103.5583,0.0
103.6589,0.0
103.7594,0.0
103.8599,0.0
103.9604,0.0
104.0609,0.0
104.1614,0.0
104.2619,0.0
104.3623,0.0
104.4629,0.0
104.5634,0.0
104.6638,0.0
104.7644,0.0
104.8649,0.0
104.9654,0.0
105.0659,0.0
105.1663,0.0
105.2668,0.0
105.3672,0.0
105.4676,0.0
105.5680,0.0
105.6684,0.0
105.7688,0.0
105.8692,0.0
105.9696,0.0
106.0700,0.0
106.1706,0.0
106.2711,0.0
106.3717,0.0
106.4722,0.0
106.5727,0.0
106.6732,0.0
106.7737,0.0
106.8741,0.0
106.9746,0.0
107.0751,0.0
107.1756,0.0
107.2761,0.0
107.3766,0.0
107.4771,0.0
107.5776,0.0
107.6781,0.0
107.7787,0.0
107.8794,0.0
107.9799,0.0
108.0804,0.0
108.1810,0.0
108.2815,0.0
108.3821,0.0
108.4825,0.0
108.5831,0.0
108.6837,0.0
108.7842,0.0
108.8848,0.0
108.9853,0.0
109.0858,0.0
109.1863,0.0
109.2867,0.0
109.3872,0.0
109.4877,0.0
109.5882,0.0
109.6888,0.0
109.7893,0.0
109.8900,0.0
109.9905,0.0
110.0910,0.0
110.1915,0.0
110.2920,0.0
110.3926,0.0
110.4931,0.0
110.5937,0.0
110.6942,0.0
110.7948,0.0
110.8954,0.0
110.9960,0.0
111.0965,0.0
111.1971,0.0
111.2977,0.0
111.3983,0.0
111.4989,0.0
111.5995,0.0
111.7001,0.0
111.8008,0.0
111.9013,0.0
112.0018,0.0
112.1023,0.0
112.2028,0.0
112.3034,0.0
112.4041,0.0
112.5046,0.0
112.6051,0.0
112.7057,0.0
112.8062,0.0
112.9067,0.0
113.0072,0.0
113.1077,0.0
113.2082,0.0
113.3089,0.0
113.4094,0.0
113.5099,0.0
113.6104,0.0
113.7109,0.0
113.8114,0.0
113.9119,0.0
114.0124,0.0
114.1129,0.0
114.2135,0.0
114.3141,0.0
114.4147,0.0
114.5153,0.0
114.6159,0.0
114.7164,0.0
114.8169,0.0
114.9174,0.0
115.0178,0.0
115.1181,0.0
115.2185,0.0
115.3189,0.0
115.4193,0.0
115.5197,0.0
115.6201,0.0
115.7205,0.0
115.8208,0.0
115.9212,0.0
116.0215,0.0
116.1219,0.0
116.2224,0.0
116.3228,0.0
116.4233,0.0
116.5239,0.0
116.6243,0.0
116.7249,0.0
116.8254,0.0
116.9258,0.0
117.0263,0.0
117.1268,0.0
117.2273,0.0
117.3279,0.0
117.4284,0.0
117.5289,0.0
117.6294,0.0
117.7298,0.0
117.8304,0.0
117.9309,0.0
118.0313,0.0
118.1318,0.0
118.2323,0.0
118.3327,0.0
118.4332,0.0
118.5337,0.0
118.6343,0.0
118.7348,0.0
118.8353,0.0
118.9357,0.0
119.0363,0.0
119.1369,0.0
119.2374,0.0
119.3378,0.0
119.4385,0.0
119.5391,0.0
119.6398,0.0
119.7403,0.0
119.8409,0.0
119.9414,0.0
120.0419,0.0
