0.1001,3.2
0.2005,2.5
0.3007,2.6
0.4009,2.8
0.5011,3.1
0.6013,2.8
0.7015,2.8
0.8017,2.8
0.9019,2.8
1.0022,2.7
1.1024,2.8
1.2026,2.8
1.3028,3.1
1.4030,2.8
1.5032,2.8
1.6034,2.8
1.7036,3.1
1.8038,2.8
1.9040,2.8
2.0042,2.8
2.1044,2.9
2.2046,2.8
2.3048,2.8
2.4050,2.8
2.5052,3.1
2.6054,2.7
2.7056,2.8
2.8058,2.8
2.9060,3.0
3.0062,2.8
3.1064,2.8
3.2066,2.8
3.3068,2.8
3.4070,2.8
3.5073,2.7
3.6075,2.7
3.7077,3.2
3.8079,2.8
3.9081,2.8
4.0083,2.8
4.1085,3.1
4.2087,2.5
4.3089,2.5
4.4091,2.8
4.5093,2.7
4.6095,2.8
4.7097,2.8
4.8099,2.8
4.9101,3.1
5.0104,3.1
5.1106,3.1
5.2108,3.4
5.3110,3.6
5.4112,4.6
5.5114,6.0
5.6116,3.4
5.7118,5.8
5.8121,8.1
5.9123,4.5
6.0125,4.0
6.1127,4.1
6.2129,5.1
6.3131,3.6
6.4133,2.8
6.5136,3.2
6.6138,2.8
6.7140,2.8
6.8142,2.8
6.9144,2.7
7.0146,2.8
7.1148,2.8
7.2150,2.8
7.3152,3.2
7.4154,2.8
7.5157,2.8
7.6159,2.7
7.7161,3.2
7.8163,2.8
7.9165,2.8
8.0167,2.8
8.1169,2.8
8.2171,2.8
8.3173,2.8
8.4175,2.8
8.5177,3.1
8.6179,2.7
8.7182,2.7
8.8184,2.8
8.9186,3.2
9.0188,2.6
9.1190,2.9
9.2192,2.8
9.3194,2.8
9.4196,2.8
9.5198,2.8
9.6200,2.8
9.7202,3.2
9.8204,2.7
9.9207,2.5
10.0209,2.8
10.1211,3.1
10.2213,2.7
10.3215,2.7
10.4217,2.6
10.5219,2.7
10.6221,2.8
10.7224,2.7
10.8226,2.6
10.9228,3.1
11.0230,2.8
11.1232,2.8
11.2235,2.8
11.3237,6.9
11.4239,3.3
11.5241,3.0
11.6243,3.2
11.7245,3.4
11.8248,3.2
11.9250,3.1
12.0252,3.2
12.1254,3.9
12.2257,3.4
12.3259,3.4
12.4261,4.2
12.5264,4.0
12.6266,5.0
12.7269,10.3
12.8271,3.1
12.9273,5.4
13.0276,5.8
13.1278,3.5
13.2280,11.5
13.3285,13.3
13.4287,11.9
13.5289,12.7
13.6292,13.1
13.7294,11.9
13.8296,13.4
13.9298,12.1
14.0300,13.2
14.1302,9.8
14.2305,10.8
14.3307,10.2
14.4310,11.2
14.5312,11.1
14.6314,10.9
14.7316,13.6
14.8318,12.5
14.9320,12.6
15.0322,12.0
15.1325,2.7
15.2327,4.5
15.3329,11.6
15.4331,12.6
15.5333,11.1
15.6336,12.6
15.7338,11.2
15.8340,12.4
15.9342,12.1
16.0344,12.8
16.1347,11.3
16.2349,11.2
16.3351,11.3
16.4354,10.8
16.5356,13.5
16.6358,13.6
16.7362,13.7
16.8364,13.7
16.9366,13.5
17.0368,13.6
17.1370,13.7
17.2372,13.8
17.3374,13.7
17.4376,13.7
17.5378,13.7
17.6381,13.7
17.7383,13.8
17.8385,13.7
17.9387,13.7
18.0389,13.8
18.1391,13.8
18.2393,13.7
18.3395,13.8
18.4398,13.8
18.5400,13.8
18.6402,13.7
18.7406,13.7
18.8408,13.6
18.9410,13.7
19.0412,13.7
19.1414,13.7
19.2417,10.1
19.3419,3.7
19.4421,8.3
19.5424,7.1
19.6426,9.4
19.7428,6.9
19.8430,6.5
19.9433,12.7
20.0435,9.8
20.1923,6.8
20.2926,2.9
20.3928,2.9
20.4930,2.8
20.5933,3.2
20.6935,10.1
20.7937,13.7
20.8939,13.8
20.9941,14.0
21.0944,14.0
21.1946,13.8
21.2948,11.6
21.3950,7.1
21.4952,12.7
21.5954,13.8
21.6956,13.9
21.7958,13.9
21.8960,14.0
21.9963,11.2
22.0965,12.4
22.1967,12.8
22.2969,12.2
22.3971,13.9
22.4973,13.8
22.5976,13.7
22.6978,13.7
22.7980,13.7
22.8982,13.7
22.9985,13.7
23.0987,13.7
23.1989,13.7
23.2991,13.5
23.3993,13.8
23.4995,12.1
23.5998,12.6
23.7000,10.1
23.8003,11.9
23.9005,8.7
24.0007,12.7
24.1009,13.8
24.2011,14.0
24.3013,14.1
24.4016,14.1
24.5018,14.0
24.6020,13.9
24.7022,13.4
24.8024,10.0
24.9027,12.8
25.0029,13.9
25.1031,13.3
25.2033,7.4
25.3035,7.7
25.4037,13.7
25.5040,13.3
25.6042,13.2
25.7044,13.8
25.8046,13.6
25.9048,13.8
26.0050,13.2
26.1052,13.8
26.2055,14.1
26.3057,13.8
26.4059,14.0
26.5061,13.7
26.6064,13.8
26.7066,13.8
26.8068,14.0
26.9070,14.0
27.0072,14.0
27.1074,13.8
27.2076,13.8
27.3079,13.8
27.4081,14.0
27.5083,13.9
27.6085,14.0
27.7087,13.9
27.8090,13.8
27.9092,13.9
28.0094,13.8
28.1096,13.9
28.2098,13.8
28.3101,13.7
28.4103,13.7
28.5105,13.7
28.6107,13.7
28.7109,13.7
28.8111,13.7
28.9113,13.7
29.0115,13.7
29.1118,13.8
29.2120,13.8
29.3122,13.9
29.4124,13.8
29.5126,13.7
29.6129,14.0
29.7131,13.8
29.8133,14.0
29.9135,14.1
30.0138,14.1
30.1140,13.0
30.2142,7.4
30.3145,3.0
30.4147,4.6
30.5149,13.8
30.6152,13.7
30.7154,13.8
30.8156,13.9
30.9158,14.1
31.0160,13.8
31.1162,13.9
31.2165,13.9
31.3167,13.8
31.4169,14.0
31.5171,13.8
31.6173,13.9
31.7175,13.8
31.8177,14.0
31.9179,13.9
32.0181,6.8
32.1184,12.0
32.2186,13.4
32.3188,12.9
32.4190,12.2
32.5193,13.1
32.6195,13.6
32.7197,13.0
32.8199,13.9
32.9202,13.7
33.0204,13.6
33.1207,13.3
33.2209,13.5
33.3211,13.9
33.4213,13.8
33.5215,13.9
33.6217,13.2
33.7219,13.9
33.8221,13.1
33.9224,13.6
34.0226,13.9
34.1228,10.6
34.2230,10.1
34.3233,2.9
34.4235,3.0
34.5237,2.9
34.6239,3.0
34.7241,3.0
34.8243,2.9
34.9246,2.8
35.0248,3.2
35.1251,3.1
35.4305,3.3
35.5308,2.9
35.6310,7.8
35.7312,13.3
35.8315,13.9
35.9317,12.8
36.0319,13.9
36.1321,13.5
36.2323,13.9
36.3325,13.7
36.4327,13.8
36.5329,13.7
36.6332,12.8
36.7334,13.8
36.8336,11.3
36.9338,12.9
37.0341,13.8
37.1343,13.7
37.2345,13.7
37.3347,13.3
37.4349,13.4
37.5351,13.9
37.6353,13.1
37.7355,11.4
37.8358,5.9
37.9360,3.0
38.0362,3.0
38.1364,2.7
38.2366,3.1
38.3369,3.1
38.4371,3.0
38.5373,3.0
38.6375,9.5
38.7377,13.9
38.8380,12.7
38.9382,13.4
39.0385,13.0
39.1387,13.9
39.2389,12.9
39.3391,13.1
39.4393,13.9
39.5396,9.6
39.6398,12.8
39.7401,11.9
39.8406,11.7
39.9408,10.9
40.0410,12.8
40.1412,8.8
40.4023,3.0
40.5025,3.1
40.6027,3.2
40.7029,2.9
40.8031,3.0
40.9034,3.1
41.0036,7.2
41.1038,11.5
41.2040,13.8
41.3042,13.9
41.4044,13.3
41.5046,13.6
41.6048,13.9
41.7050,13.9
41.8053,13.1
41.9055,13.8
42.0057,13.6
42.1059,13.9
42.2061,13.9
42.3064,9.2
42.4066,13.9
42.5068,13.8
42.6070,13.9
42.7072,13.0
42.8074,13.8
42.9077,13.4
43.0079,11.3
43.1081,13.9
43.2083,13.9
43.3086,12.5
43.4088,3.8
43.5090,3.2
43.6093,3.0
43.7095,3.1
43.8098,3.3
43.9100,10.2
44.0102,13.2
44.1105,12.5
44.2107,13.2
44.3109,12.4
44.4111,13.6
44.5113,13.7
44.6115,13.9
44.7118,11.8
44.8120,13.8
44.9122,12.6
45.0124,13.8
45.1126,13.6
45.2130,9.0
45.3132,3.1
45.4135,3.2
45.5137,3.1
45.6139,3.1
45.7141,3.1
45.8143,3.8
45.9146,3.7
46.0148,2.8
46.1150,5.6
46.2152,13.8
46.3154,13.8
46.4157,13.9
46.5159,13.9
46.6161,13.9
46.7163,13.8
46.8165,12.8
46.9167,13.9
47.0170,13.8
47.1172,10.6
47.2174,12.2
47.3177,12.4
47.4179,12.3
47.5181,12.7
47.6184,13.6
47.7186,13.9
47.8189,13.9
47.9191,12.7
48.0193,13.9
48.1195,13.8
48.2197,10.9
48.3200,10.0
48.4202,13.9
48.5204,13.8
48.6206,13.9
48.7208,13.8
48.8211,10.6
48.9213,3.2
49.0215,2.9
49.1217,2.8
49.2219,3.1
49.3222,3.1
49.4224,3.7
49.5227,3.0
49.6229,3.0
49.7231,12.7
49.8233,13.8
49.9236,12.9
50.0238,13.9
50.1263,13.7
50.2588,6.8
50.3590,13.4
50.4592,12.9
50.5594,13.8
50.6596,13.9
50.7599,13.8
50.8601,13.3
50.9603,13.2
51.0605,13.4
51.1608,13.1
51.2610,13.8
51.3612,13.8
51.4614,9.5
51.5616,9.8
51.6618,13.1
51.7620,13.1
51.8623,13.8
51.9625,13.8
52.0627,12.4
52.1630,11.8
52.2632,13.9
52.3634,13.8
52.4636,12.8
52.5638,13.9
52.6640,8.4
52.7643,13.2
52.8647,13.4
52.9649,3.2
53.0651,3.7
53.1654,3.0
53.2656,3.1
53.3658,3.2
53.4660,3.3
53.5662,2.9
53.6665,5.6
53.7667,13.8
53.8669,12.2
53.9671,13.8
54.0673,12.9
54.1676,13.9
54.2678,12.9
54.3680,13.8
54.4682,6.6
54.5684,12.6
54.6686,13.6
54.7695,13.9
54.8697,13.4
54.9699,12.4
55.0702,12.9
55.1704,13.2
55.4130,12.2
55.5133,3.7
55.6135,13.7
55.7137,9.6
55.8139,12.7
55.9141,13.8
56.0144,13.9
56.1146,13.9
56.2148,13.9
56.3150,13.8
56.4152,4.0
56.5154,2.8
56.6157,3.3
56.7159,2.8
56.8161,2.8
56.9163,2.6
57.0165,3.2
57.1167,2.8
57.2170,2.7
57.3172,2.6
57.4174,2.5
57.5176,2.7
57.6178,2.8
57.7180,2.8
57.8182,3.1
57.9184,2.7
58.0187,2.7
58.1189,2.7
58.2191,3.1
58.3193,2.7
58.4195,2.7
58.5197,2.8
58.6199,2.8
58.7202,2.7
58.8204,2.7
58.9206,2.8
59.0208,3.1
59.1210,2.8
59.2213,2.7
59.3215,2.7
59.4217,3.1
59.5219,2.8
59.6221,2.8
59.7223,2.8
59.8225,2.8
59.9228,2.7
60.0230,2.8
60.1232,2.8
60.2234,3.1
60.3318,3.2
60.4320,3.1
60.5323,3.0
60.6325,3.6
60.7328,2.8
60.8330,2.7
60.9332,2.8
61.0334,2.6
61.1336,2.6
61.2338,2.8
61.3341,2.6
61.4343,4.3
61.5345,5.3
61.6347,5.3
61.7349,5.2
61.8351,10.6
61.9353,4.0
62.0355,7.4
62.1358,4.2
62.2360,2.8
62.3362,2.8
62.4364,2.8
62.5366,2.8
62.6368,3.0
62.7371,2.7
62.8373,2.8
62.9375,2.8
63.0377,3.1
63.1379,2.8
63.2382,2.5
63.3384,2.8
63.4386,2.8
63.5388,2.8
63.6390,2.8
63.7392,2.8
63.8394,3.1
63.9396,2.7
64.0398,2.8
64.1400,2.7
64.2402,3.1
64.3404,2.8
64.4407,2.8
64.5409,2.8
64.6411,2.8
64.7413,2.7
64.8415,2.6
64.9418,2.8
65.0420,3.1
65.1422,2.8
65.2424,2.6
65.3556,2.8
65.4558,3.0
65.5560,2.7
65.6562,2.8
65.7565,2.8
65.8567,2.9
65.9569,2.8
66.0571,2.8
66.1573,2.8
66.2576,3.1
66.3578,2.8
66.4580,2.8
66.5583,2.8
66.6585,3.1
66.7587,2.8
66.8589,2.8
66.9591,2.8
67.0593,2.8
67.1595,7.8
67.2597,11.5
67.3600,11.9
67.4602,13.6
67.5604,13.6
67.6606,13.6
67.7608,13.6
67.8611,13.7
67.9613,13.7
68.0615,13.7
68.1617,13.6
68.2619,13.7
68.3621,13.5
68.4624,13.6
68.5631,13.5
68.6633,13.8
68.7635,13.6
68.8637,13.9
68.9640,13.6
69.0642,13.8
69.1644,13.6
69.2646,13.8
69.3648,13.7
69.4650,13.7
69.5652,13.6
69.6656,13.6
69.7659,13.7
69.8662,13.7
69.9667,13.7
70.0669,13.6
70.1671,13.6
70.2743,13.6
70.3745,13.7
70.4747,13.7
70.5749,13.6
70.6751,13.6
70.7754,13.7
70.8756,13.7
70.9758,13.8
71.0760,13.7
71.1763,13.9
71.2765,13.7
71.3767,13.9
71.4769,13.7
71.5771,13.8
71.6773,13.7
71.7776,13.8
71.8778,13.6
71.9780,13.8
72.0783,13.6
72.1785,13.8
72.2787,13.6
72.3789,13.7
72.4791,13.7
72.5793,13.7
72.6796,13.7
72.7798,13.7
72.8800,13.7
72.9802,13.8
73.0804,10.0
73.1806,13.1
73.2808,10.3
73.3810,9.5
73.4813,9.7
73.5815,11.9
73.6817,11.5
73.7820,13.9
73.8822,13.9
73.9824,13.9
74.0826,14.0
74.1828,13.9
74.2831,13.8
74.3833,13.8
74.4836,13.8
74.5838,13.7
74.6840,13.7
74.7842,13.8
74.8844,13.9
74.9846,13.9
75.0849,13.8
75.1851,13.9
75.2853,12.8
75.4148,3.2
75.5151,3.0
75.6153,3.1
75.7155,4.0
75.8157,9.9
75.9159,3.2
76.0162,5.5
76.1164,13.7
76.2166,13.7
76.3168,13.7
76.4171,13.8
76.5174,13.7
76.6176,13.6
76.7178,13.7
76.8180,13.8
76.9183,13.8
77.0185,13.9
77.1187,14.0
77.2189,13.9
77.3191,13.8
77.4193,13.8
77.5196,13.8
77.6198,13.8
77.7200,13.9
77.8202,13.8
77.9204,13.9
78.0206,13.8
78.1209,13.7
78.2211,13.7
78.3213,13.7
78.4216,13.8
78.5218,13.7
78.6220,13.8
78.7222,13.8
78.8225,13.7
78.9227,13.6
79.0229,13.6
79.1231,13.6
79.2233,13.8
79.3235,13.9
79.4238,13.8
79.5240,13.7
79.6242,13.9
79.7244,14.1
79.8247,14.0
79.9249,13.9
80.0251,13.7
80.1253,13.9
80.2255,13.8
80.3257,14.0
80.4259,13.7
80.5262,13.9
80.6264,14.0
80.7266,14.0
80.8268,13.8
80.9270,13.9
81.0273,13.8
81.1275,14.0
81.2277,13.9
81.3279,14.0
81.4281,13.9
81.5284,13.8
81.6286,13.8
81.7288,13.8
81.8290,13.9
81.9292,13.8
82.0294,13.8
82.1297,13.7
82.2299,13.8
82.3301,13.8
82.4304,13.7
82.5306,13.7
82.6308,13.7
82.7310,13.7
82.8312,13.8
82.9314,13.8
83.0317,13.9
83.1319,13.7
83.2321,13.8
83.3323,14.0
83.4325,13.9
83.5327,14.1
83.6329,14.1
83.7331,14.1
83.8334,14.0
83.9336,14.0
84.0338,13.7
84.1340,13.8
84.2342,13.9
84.3345,14.1
84.4347,13.9
84.5349,13.9
84.6351,13.9
84.7353,13.8
84.8355,14.0
84.9358,13.8
85.0360,13.9
85.1362,13.9
85.2364,13.9
85.3366,12.1
85.5151,10.0
85.6154,13.6
85.7156,13.8
85.8158,13.8
85.9160,13.9
86.0162,13.8
86.1165,13.7
86.2167,14.0
86.3169,13.8
86.4171,13.8
86.5173,13.5
86.6175,13.8
86.7177,13.7
86.8179,13.6
86.9181,13.8
87.0184,13.6
87.1186,13.6
87.2189,13.7
87.3191,13.6
87.4193,13.8
87.5195,13.5
87.6197,13.8
87.7199,13.6
87.8202,13.8
87.9204,13.6
88.0206,13.5
88.1208,13.8
88.2210,13.8
88.3212,14.0
88.4214,13.7
88.5216,13.8
88.6219,13.9
88.7221,14.1
88.8224,13.9
88.9226,13.8
89.0228,13.8
89.1230,13.9
89.2232,14.0
89.3234,13.8
89.4237,8.9
89.5239,13.7
89.6241,13.7
89.7243,13.8
89.8245,13.9
89.9247,13.9
90.0249,13.9
90.1252,13.7
90.2254,13.7
90.3257,13.9
90.4259,14.2
90.5262,13.7
90.6264,3.9
90.7266,3.6
90.8269,3.1
90.9271,3.1
91.0273,3.1
91.1275,3.4
91.2278,7.1
91.3280,13.8
91.4282,14.0
91.5284,13.7
91.6286,13.8
91.7288,14.0
91.8290,13.9
91.9293,14.0
92.0295,13.7
92.1297,13.8
92.2299,14.0
92.3302,13.9
92.4305,13.8
92.5307,13.8
92.6309,13.8
92.7311,14.1
92.8313,13.8
92.9316,13.8
93.0318,13.9
93.1320,13.8
93.2322,14.1
93.3324,11.7
93.4327,2.9
93.9848,8.0
94.0851,13.9
94.1853,13.7
94.2855,13.8
94.3857,14.2
94.4859,13.9
94.5864,13.9
94.6866,13.7
94.7869,13.7
94.8871,14.2
94.9873,13.8
95.0875,13.8
95.1877,13.8
95.2880,13.7
95.3882,11.8
96.1557,12.6
96.2559,2.9
96.3561,9.5
96.4564,13.9
96.5566,13.7
96.6568,13.7
96.7570,14.3
96.8572,13.8
96.9574,13.8
97.0576,13.8
97.1578,13.7
97.2580,14.3
97.3583,13.9
97.4585,13.7
97.5587,13.8
97.6589,14.0
97.7591,14.0
97.8594,13.9
97.9596,13.6
98.0598,13.8
98.1600,14.0
98.2602,7.4
98.3605,3.7
98.4607,3.1
98.5609,3.0
98.6611,2.9
98.7614,3.5
98.8616,3.1
99.1919,3.0
99.2921,2.9
99.3924,3.7
99.4926,2.7
99.5928,13.4
99.6930,13.8
99.7932,10.3
99.8935,13.7
99.9937,13.9
100.0939,12.3
100.1941,13.8
100.2943,13.7
100.3945,13.8
100.4947,13.0
100.5950,3.0
100.6952,3.2
100.7954,11.4
100.8957,13.8
100.9959,13.8
101.0961,13.7
101.1963,13.9
101.2965,13.9
101.3967,13.9
101.4969,13.8
101.5971,13.7
101.6973,13.9
101.7975,13.9
101.8978,13.8
101.9980,13.8
102.0982,13.8
102.1984,13.8
102.2987,14.0
102.3989,13.8
102.4992,13.8
102.5994,13.8
102.6996,13.9
102.7998,13.9
102.9000,12.9
103.0003,13.7
103.1005,13.7
103.2007,13.9
103.3009,9.8
103.4011,3.0
104.0166,3.0
104.1168,2.8
104.2171,10.3
104.3173,13.7
104.4175,13.7
104.5177,13.7
104.6179,14.0
104.7181,13.8
104.8185,13.8
104.9187,13.8
105.0189,13.7
105.1197,13.8
105.2199,14.1
105.3201,13.8
105.4204,11.9
106.0024,13.5
106.1026,13.6
106.2028,5.4
106.3031,11.9
106.4033,13.8
106.5035,13.5
106.6038,13.5
106.7040,14.1
106.8042,13.5
106.9044,13.7
107.0048,13.6
107.1067,13.6
107.2069,13.9
107.3071,14.1
107.4073,8.8
107.5076,2.8
107.6078,2.8
107.7080,2.8
107.8082,2.7
107.9084,2.8
108.0086,3.3
108.1089,2.8
108.2091,2.8
108.3093,2.7
108.4095,3.2
108.5098,2.8
108.6100,2.8
108.7102,2.8
108.8104,2.8
108.9106,2.8
109.0108,2.8
109.1110,2.8
109.2113,3.1
109.3115,2.7
109.4117,2.8
109.5119,2.7
109.6121,3.0
109.7123,2.8
109.8125,2.7
109.9127,2.7
110.0129,2.8
110.1131,2.8
110.2134,2.7
110.3136,2.8
110.4138,3.1
110.5188,4.3
110.6190,3.2
110.7192,3.1
110.8195,3.7
110.9197,3.1
111.0199,3.0
111.1201,2.8
111.2203,2.8
111.3206,2.7
111.4208,2.8
111.5210,2.6
111.6212,3.2
111.7214,2.8
111.8216,2.8
111.9218,2.7
112.0220,3.0
112.1223,2.7
112.2225,2.7
112.3227,2.7
112.4229,2.6
112.5231,2.5
112.6233,2.6
112.7235,2.8
112.8238,3.2
112.9240,2.7
113.0242,2.7
113.1244,2.8
113.2246,3.1
113.3248,2.5
113.4251,2.8
113.5253,2.8
113.6255,2.8
113.7257,2.6
113.8259,2.8
113.9261,2.7
114.0263,3.0
114.1266,2.8
114.2268,2.8
114.3270,2.7
114.4272,3.1
114.5275,2.7
114.6277,2.8
114.7279,2.6
114.8281,2.5
114.9283,2.4
115.0285,2.7
115.1288,2.7
115.2290,3.1
115.3292,2.8
115.4294,2.8
115.5307,2.8
115.6309,3.2
115.7311,2.8
115.8313,2.6
115.9315,2.5
116.0317,2.8
116.1319,2.8
116.2321,2.8
116.3324,2.7
116.4326,3.0
116.5328,2.8
116.6330,2.8
116.7332,2.7
116.8334,3.0
116.9336,2.7
117.0339,2.5
117.1341,2.8
117.2343,2.8
117.3345,2.8
117.4347,2.7
117.5349,2.8
117.6351,3.1
117.7353,2.8
117.8355,2.7
117.9357,2.7
118.0360,3.1
118.1362,2.8
118.2364,2.8
118.3366,2.5
118.4368,2.8
118.5370,2.8
118.6372,2.7
118.7375,2.7
118.8377,3.1
118.9379,2.7
119.0381,2.8
119.1383,2.8
119.2385,3.0
119.3387,2.8
119.4389,2.8
119.5392,2.8
119.6394,2.6
119.7396,2.2
119.8398,2.7
119.9400,2.7
120.0402,3.1
