0.1001,0.6
0.2005,0.4
0.3007,0.3
0.4009,0.3
0.5011,0.6
0.6013,0.3
0.7015,0.3
0.8017,0.3
0.9019,0.3
1.0022,0.3
1.1024,0.3
1.2026,0.3
1.3028,0.6
1.4030,0.3
1.5032,0.3
1.6034,0.3
1.7036,0.6
1.8038,0.3
1.9040,0.3
2.0042,0.3
2.1044,0.3
2.2046,0.3
2.3048,0.3
2.4050,0.3
2.5052,0.6
2.6054,0.3
2.7056,0.3
2.8058,0.3
2.9060,0.6
3.0062,0.3
3.1064,0.3
3.2066,0.3
3.3068,0.3
3.4070,0.3
3.5073,0.3
3.6075,0.3
3.7077,0.6
3.8079,0.3
3.9081,0.3
4.0083,0.3
4.1085,0.6
4.2087,0.3
4.3089,0.3
4.4091,0.3
4.5093,0.3
4.6095,0.3
4.7097,0.3
4.8099,0.3
4.9101,0.6
5.0104,0.3
5.1106,0.3
5.2108,0.3
5.3110,0.6
5.4112,0.3
5.5114,0.3
5.6116,0.3
5.7118,0.3
5.8121,0.3
5.9123,0.3
6.0125,0.3
6.1127,0.6
6.2129,0.3
6.3131,0.3
6.4133,0.3
6.5136,0.6
6.6138,0.3
6.7140,0.3
6.8142,0.3
6.9144,0.3
7.0146,0.3
7.1148,0.3
7.2150,0.3
7.3152,0.6
7.4154,0.3
7.5157,0.3
7.6159,0.3
7.7161,0.6
7.8163,0.3
7.9165,0.3
8.0167,0.3
8.1169,0.3
8.2171,0.3
8.3173,0.3
8.4175,0.3
8.5177,0.6
8.6179,0.3
8.7182,0.3
8.8184,0.3
8.9186,0.6
9.0188,0.3
9.1190,0.3
9.2192,0.3
9.3194,0.3
9.4196,0.3
9.5198,0.3
9.6200,0.3
9.7202,0.6
9.8204,0.3
9.9207,0.3
10.0209,0.3
10.1211,0.6
10.2213,0.3
10.3215,0.3
10.4217,0.3
10.5219,0.3
10.6221,0.3
10.7224,0.3
10.8226,0.3
10.9228,0.6
11.0230,0.3
11.1232,0.3
11.2235,0.3
11.3237,0.6
11.4239,0.3
11.5241,0.3
11.6243,0.3
11.7245,0.3
11.8248,0.3
11.9250,0.3
12.0252,0.3
12.1254,0.6
12.2257,0.3
12.3259,0.3
12.4261,0.3
12.5264,0.6
12.6266,0.3
12.7269,0.3
12.8271,0.3
12.9273,0.3
13.0276,0.3
13.1278,0.3
13.2280,0.3
13.3285,0.6
13.4287,0.3
13.5289,0.3
13.6292,0.3
13.7294,0.6
13.8296,0.3
13.9298,0.3
14.0300,0.3
14.1302,0.3
14.2305,0.3
14.3307,0.3
14.4310,0.3
14.5312,0.6
14.6314,0.3
14.7316,0.3
14.8318,0.3
14.9320,0.6
15.0322,0.3
15.1325,0.3
15.2327,0.3
15.3329,0.3
15.4331,0.3
15.5333,0.3
15.6336,0.3
15.7338,0.6
15.8340,0.3
15.9342,0.3
16.0344,0.3
16.1347,0.6
16.2349,0.3
16.3351,0.3
16.4354,0.3
16.5356,0.3
16.6358,0.3
16.7362,0.3
16.8364,0.3
16.9366,0.6
17.0368,0.3
17.1370,0.3
17.2372,0.3
17.3374,0.6
17.4376,0.3
17.5378,0.3
17.6381,0.3
17.7383,0.3
17.8385,0.3
17.9387,0.3
18.0389,0.3
18.1391,0.6
18.2393,0.3
18.3395,0.3
18.4398,0.3
18.5400,0.6
18.6402,0.3
18.7406,0.3
18.8408,0.3
18.9410,0.3
19.0412,0.3
19.1414,0.3
19.2417,0.3
19.3419,0.6
19.4421,0.3
19.5424,0.3
19.6426,0.3
19.7428,0.6
19.8430,0.3
19.9433,0.3
20.0435,0.3
20.1923,0.3
20.2926,0.3
20.3928,0.3
20.4930,0.3
20.5933,0.6
20.6935,0.3
20.7937,0.3
20.8939,0.3
20.9941,0.6
21.0944,0.3
21.1946,0.3
21.2948,0.3
21.3950,0.3
21.4952,0.3
21.5954,0.3
21.6956,0.3
21.7958,0.6
21.8960,0.3
21.9963,0.3
22.0965,0.3
22.1967,0.6
22.2969,0.3
22.3971,0.3
22.4973,0.3
22.5976,0.3
22.6978,0.3
22.7980,0.3
22.8982,0.3
22.9985,0.6
23.0987,0.3
23.1989,0.3
23.2991,0.3
23.3993,0.6
23.4995,0.3
23.5998,0.3
23.7000,0.3
23.8003,0.3
23.9005,0.3
24.0007,0.3
24.1009,0.3
24.2011,0.6
24.3013,0.3
24.4016,0.3
24.5018,0.3
24.6020,0.6
24.7022,0.3
24.8024,0.3
24.9027,0.3
25.0029,0.3
25.1031,0.3
25.2033,0.3
25.3035,0.3
25.4037,0.6
25.5040,0.3
25.6042,0.3
25.7044,0.3
25.8046,0.6
25.9048,0.3
26.0050,0.3
26.1052,0.3
26.2055,0.3
26.3057,0.3
26.4059,0.3
26.5061,0.3
26.6064,0.6
26.7066,0.3
26.8068,0.3
26.9070,0.3
27.0072,0.6
27.1074,0.3
27.2076,0.3
27.3079,0.3
27.4081,0.3
27.5083,0.3
27.6085,0.3
27.7087,0.3
27.8090,0.6
27.9092,0.3
28.0094,0.3
28.1096,0.3
28.2098,0.6
28.3101,0.3
28.4103,0.3
28.5105,1.2
28.6107,0.3
28.7109,0.3
28.8111,0.3
28.9113,0.3
29.0115,0.6
29.1118,0.3
29.2120,0.3
29.3122,0.3
29.4124,0.6
29.5126,0.3
29.6129,0.3
29.7131,0.3
29.8133,0.3
29.9135,0.3
30.0138,0.3
30.1140,0.3
30.2142,0.6
30.3145,0.3
30.4147,0.3
30.5149,0.3
30.6152,0.6
30.7154,0.3
30.8156,0.3
30.9158,0.3
31.0160,0.3
31.1162,0.3
31.2165,0.3
31.3167,0.3
31.4169,0.6
31.5171,0.3
31.6173,0.3
31.7175,0.3
31.8177,0.6
31.9179,0.3
32.0181,0.3
32.1184,0.3
32.2186,0.3
32.3188,0.3
32.4190,0.3
32.5193,0.3
32.6195,0.6
32.7197,0.3
32.8199,0.3
32.9202,0.3
33.0204,0.6
33.1207,0.3
33.2209,0.3
33.3211,0.3
33.4213,0.3
33.5215,0.3
33.6217,0.3
33.7219,0.3
33.8221,0.6
33.9224,0.3
34.0226,0.3
34.1228,0.3
34.2230,0.6
34.3233,0.3
34.4235,0.3
34.5237,0.3
34.6239,0.3
34.7241,0.3
34.8243,0.3
34.9246,0.3
35.0248,0.6
35.1251,0.3
35.4305,0.6
35.5308,0.3
35.6310,0.3
35.7312,0.3
35.8315,0.3
35.9317,0.3
36.0319,0.3
36.1321,0.3
36.2323,0.6
36.3325,0.3
36.4327,0.3
36.5329,0.3
36.6332,0.6
36.7334,0.3
36.8336,0.3
36.9338,0.3
37.0341,0.3
37.1343,0.3
37.2345,0.3
37.3347,0.3
37.4349,0.6
37.5351,0.3
37.6353,0.3
37.7355,0.3
37.8358,0.6
37.9360,0.3
38.0362,0.3
38.1364,0.3
38.2366,0.3
38.3369,0.3
38.4371,0.3
38.5373,0.3
38.6375,0.6
38.7377,0.3
38.8380,0.3
38.9382,0.3
39.0385,0.6
39.1387,0.3
39.2389,0.3
39.3391,0.3
39.4393,0.3
39.5396,0.3
39.6398,0.3
39.7401,0.3
39.8406,0.6
39.9408,0.3
40.0410,0.3
40.1412,0.3
40.4023,0.3
40.5025,0.3
40.6027,0.3
40.7029,0.3
40.8031,0.3
40.9034,0.3
41.0036,0.6
41.1038,0.3
41.2040,0.3
41.3042,0.3
41.4044,0.6
41.5046,0.3
41.6048,0.3
41.7050,0.3
41.8053,0.3
41.9055,0.3
42.0057,0.3
42.1059,0.3
42.2061,0.8
42.3064,0.3
42.4066,0.3
42.5068,0.3
42.6070,0.6
42.7072,0.3
42.8074,0.3
42.9077,0.3
43.0079,0.3
43.1081,0.3
43.2083,0.3
43.3086,0.3
43.4088,0.6
43.5090,0.3
43.6093,0.3
43.7095,0.3
43.8098,0.6
43.9100,0.3
44.0102,0.3
44.1105,0.3
44.2107,0.3
44.3109,0.3
44.4111,0.3
44.5113,0.3
44.6115,0.6
44.7118,0.3
44.8120,0.3
44.9122,0.3
45.0124,0.8
45.1126,0.3
45.2130,0.3
45.3132,0.3
45.4135,0.3
45.5137,0.3
45.6139,0.3
45.7141,0.3
45.8143,0.6
45.9146,0.3
46.0148,0.3
46.1150,0.3
46.2152,0.6
46.3154,0.3
46.4157,0.3
46.5159,0.3
46.6161,0.3
46.7163,0.3
46.8165,0.3
46.9167,0.3
47.0170,0.6
47.1172,0.3
47.2174,0.3
47.3177,0.3
47.4179,0.6
47.5181,0.3
47.6184,0.3
47.7186,0.3
47.8189,0.3
47.9191,0.3
48.0193,0.3
48.1195,0.3
48.2197,0.6
48.3200,0.3
48.4202,0.3
48.5204,0.3
48.6206,0.6
48.7208,0.3
48.8211,0.3
48.9213,0.3
49.0215,0.3
49.1217,0.3
49.2219,0.3
49.3222,0.3
49.4224,0.6
49.5227,0.3
49.6229,0.3
49.7231,0.3
49.8233,0.6
49.9236,0.3
50.0238,0.3
50.1263,0.3
50.2588,0.3
50.3590,0.3
50.4592,0.3
50.5594,0.3
50.6596,0.6
50.7599,0.3
50.8601,0.3
50.9603,0.3
51.0605,0.9
51.1608,0.3
51.2610,0.3
51.3612,0.3
51.4614,0.3
51.5616,0.3
51.6618,0.3
51.7620,0.3
51.8623,0.6
51.9625,0.3
52.0627,0.3
52.1630,0.3
52.2632,0.6
52.3634,0.3
52.4636,0.3
52.5638,0.3
52.6640,0.3
52.7643,0.3
52.8647,0.3
52.9649,0.3
53.0651,0.6
53.1654,0.3
53.2656,0.3
53.3658,0.3
53.4660,0.6
53.5662,0.3
53.6665,0.3
53.7667,0.3
53.8669,0.3
53.9671,0.3
54.0673,0.3
54.1676,0.3
54.2678,0.6
54.3680,0.3
54.4682,0.3
54.5684,0.3
54.6686,0.6
54.7695,0.3
54.8697,0.3
54.9699,0.3
55.0702,0.3
55.1704,0.3
55.4130,0.6
55.5133,0.3
55.6135,0.3
55.7137,0.3
55.8139,0.6
55.9141,0.3
56.0144,0.3
56.1146,0.3
56.2148,0.3
56.3150,0.3
56.4152,0.3
56.5154,0.3
56.6157,0.6
56.7159,0.3
56.8161,0.3
56.9163,0.3
57.0165,0.6
57.1167,0.3
57.2170,0.3
57.3172,0.3
57.4174,0.3
57.5176,0.3
57.6178,0.3
57.7180,0.3
57.8182,0.6
57.9184,0.3
58.0187,0.3
58.1189,0.3
58.2191,0.6
58.3193,0.3
58.4195,0.3
58.5197,0.3
58.6199,0.3
58.7202,0.3
58.8204,0.3
58.9206,0.3
59.0208,0.6
59.1210,0.3
59.2213,0.3
59.3215,0.3
59.4217,0.6
59.5219,0.3
59.6221,0.3
59.7223,0.3
59.8225,0.3
59.9228,0.3
60.0230,0.3
60.1232,0.3
60.2234,0.6
60.3318,0.3
60.4320,0.3
60.5323,0.3
60.6325,0.6
60.7328,0.3
60.8330,0.3
60.9332,0.3
61.0334,0.3
61.1336,0.3
61.2338,0.3
61.3341,0.3
61.4343,0.6
61.5345,0.3
61.6347,0.3
61.7349,0.3
61.8351,0.6
61.9353,0.3
62.0355,0.3
62.1358,0.3
62.2360,0.3
62.3362,0.3
62.4364,0.3
62.5366,0.3
62.6368,0.6
62.7371,0.3
62.8373,0.3
62.9375,0.3
63.0377,0.6
63.1379,0.3
63.2382,0.3
63.3384,0.3
63.4386,0.3
63.5388,0.3
63.6390,0.3
63.7392,0.3
63.8394,0.6
63.9396,0.3
64.0398,0.3
64.1400,0.3
64.2402,0.6
64.3404,0.3
64.4407,0.3
64.5409,0.3
64.6411,0.3
64.7413,0.3
64.8415,0.3
64.9418,0.3
65.0420,0.6
65.1422,0.3
65.2424,0.3
65.3556,0.3
65.4558,0.6
65.5560,0.3
65.6562,0.3
65.7565,0.3
65.8567,0.3
65.9569,0.3
66.0571,0.3
66.1573,0.3
66.2576,0.6
66.3578,0.3
66.4580,0.3
66.5583,0.3
66.6585,0.6
66.7587,0.3
66.8589,0.3
66.9591,0.3
67.0593,0.3
67.1595,0.3
67.2597,0.3
67.3600,0.3
67.4602,0.6
67.5604,0.3
67.6606,0.3
67.7608,0.3
67.8611,0.6
67.9613,0.3
68.0615,0.3
68.1617,0.3
68.2619,0.3
68.3621,0.3
68.4624,0.3
68.5631,0.3
68.6633,0.6
68.7635,0.3
68.8637,0.3
68.9640,0.3
69.0642,0.6
69.1644,0.3
69.2646,0.3
69.3648,0.3
69.4650,0.3
69.5652,0.3
69.6656,0.3
69.7659,0.3
69.8662,0.6
69.9667,0.3
70.0669,0.3
70.1671,0.3
70.2743,0.6
70.3745,0.3
70.4747,0.3
70.5749,0.3
70.6751,0.3
70.7754,0.3
70.8756,0.3
70.9758,0.3
71.0760,0.6
71.1763,0.3
71.2765,0.3
71.3767,0.3
71.4769,0.6
71.5771,0.3
71.6773,0.3
71.7776,0.3
71.8778,0.3
71.9780,0.3
72.0783,0.3
72.1785,0.3
72.2787,0.6
72.3789,0.3
72.4791,0.3
72.5793,0.3
72.6796,0.6
72.7798,0.3
72.8800,0.3
72.9802,0.3
73.0804,0.3
73.1806,0.3
73.2808,0.3
73.3810,0.3
73.4813,0.6
73.5815,0.3
73.6817,0.3
73.7820,0.3
73.8822,0.6
73.9824,0.3
74.0826,0.3
74.1828,0.3
74.2831,0.3
74.3833,0.3
74.4836,0.3
74.5838,0.3
74.6840,0.6
74.7842,0.3
74.8844,0.3
74.9846,0.3
75.0849,0.6
75.1851,0.3
75.2853,0.3
75.4148,0.3
75.5151,0.3
75.6153,0.3
75.7155,0.3
75.8157,0.3
75.9159,0.6
76.0162,0.3
76.1164,0.3
76.2166,0.3
76.3168,0.6
76.4171,0.3
76.5174,0.3
76.6176,0.3
76.7178,0.3
76.8180,0.3
76.9183,0.3
77.0185,0.3
77.1187,0.6
77.2189,0.3
77.3191,0.3
77.4193,0.3
77.5196,0.6
77.6198,0.3
77.7200,0.3
77.8202,0.3
77.9204,0.3
78.0206,0.3
78.1209,0.3
78.2211,0.3
78.3213,0.6
78.4216,0.3
78.5218,0.3
78.6220,0.3
78.7222,0.6
78.8225,0.3
78.9227,0.3
79.0229,0.3
79.1231,0.3
79.2233,0.3
79.3235,0.3
79.4238,0.3
79.5240,0.6
79.6242,0.3
79.7244,0.3
79.8247,0.3
79.9249,0.6
80.0251,0.3
80.1253,0.3
80.2255,0.3
80.3257,0.3
80.4259,0.3
80.5262,0.3
80.6264,0.3
80.7266,0.6
80.8268,0.3
80.9270,0.3
81.0273,0.3
81.1275,0.6
81.2277,0.3
81.3279,0.3
81.4281,0.3
81.5284,0.3
81.6286,0.3
81.7288,0.3
81.8290,0.3
81.9292,0.6
82.0294,0.3
82.1297,0.3
82.2299,0.3
82.3301,0.6
82.4304,0.3
82.5306,0.3
82.6308,0.3
82.7310,0.3
82.8312,0.3
82.9314,0.3
83.0317,0.3
83.1319,0.6
83.2321,0.3
83.3323,0.3
83.4325,0.3
83.5327,0.6
83.6329,0.3
83.7331,0.3
83.8334,0.3
83.9336,0.3
84.0338,0.3
84.1340,0.3
84.2342,0.3
84.3345,0.6
84.4347,0.3
84.5349,0.3
84.6351,0.3
84.7353,0.6
84.8355,0.3
84.9358,0.3
85.0360,0.3
85.1362,0.3
85.2364,0.3
85.3366,0.3
85.5151,0.6
85.6154,0.3
85.7156,0.3
85.8158,0.3
85.9160,0.6
86.0162,0.3
86.1165,0.3
86.2167,0.3
86.3169,0.3
86.4171,0.3
86.5173,0.3
86.6175,0.3
86.7177,0.6
86.8179,0.3
86.9181,0.3
87.0184,0.3
87.1186,0.6
87.2189,0.3
87.3191,0.3
87.4193,0.3
87.5195,0.3
87.6197,0.3
87.7199,0.3
87.8202,0.3
87.9204,0.6
88.0206,0.3
88.1208,0.3
88.2210,0.3
88.3212,0.6
88.4214,0.3
88.5216,0.3
88.6219,0.3
88.7221,0.3
88.8224,0.3
88.9226,0.3
89.0228,0.3
89.1230,0.3
89.2232,0.3
89.3234,0.3
89.4237,0.3
89.5239,1.7
89.6241,0.3
89.7243,0.3
89.8245,0.3
89.9247,0.6
90.0249,0.3
90.1252,0.3
90.2254,0.3
90.3257,0.6
90.4259,0.3
90.5262,0.3
90.6264,0.3
90.7266,0.3
90.8269,0.3
90.9271,0.3
91.0273,0.3
91.1275,0.6
91.2278,0.3
91.3280,0.3
91.4282,0.3
91.5284,0.6
91.6286,0.3
91.7288,0.3
91.8290,0.3
91.9293,0.3
92.0295,0.3
92.1297,0.3
92.2299,0.3
92.3302,0.6
92.4305,0.3
92.5307,0.3
92.6309,0.3
92.7311,0.6
92.8313,0.3
92.9316,0.3
93.0318,0.3
93.1320,0.3
93.2322,0.3
93.3324,0.3
93.4327,0.3
93.9848,0.6
94.0851,0.3
94.1853,0.3
94.2855,0.3
94.3857,0.3
94.4859,0.3
94.5864,0.3
94.6866,0.3
94.7869,0.6
94.8871,0.3
94.9873,0.3
95.0875,0.3
95.1877,0.6
95.2880,0.3
95.3882,0.3
96.1557,0.3
96.2559,0.3
96.3561,0.6
96.4564,0.3
96.5566,0.3
96.6568,0.3
96.7570,0.3
96.8572,0.3
96.9574,0.3
97.0576,0.3
97.1578,0.6
97.2580,0.3
97.3583,0.3
97.4585,0.3
97.5587,0.6
97.6589,0.3
97.7591,0.3
97.8594,0.3
97.9596,0.3
98.0598,0.3
98.1600,0.3
98.2602,0.3
98.3605,0.6
98.4607,0.3
98.5609,0.3
98.6611,0.3
98.7614,0.6
98.8616,0.3
99.1919,0.3
99.2921,0.3
99.3924,0.3
99.4926,0.3
99.5928,0.6
99.6930,0.3
99.7932,0.3
99.8935,0.3
99.9937,0.7
100.0939,0.3
100.1941,0.3
100.2943,0.3
100.3945,0.3
100.4947,0.3
100.5950,0.3
100.6952,0.3
100.7954,0.6
100.8957,0.3
100.9959,0.3
101.0961,0.3
101.1963,0.6
101.2965,0.3
101.3967,0.3
101.4969,0.3
101.5971,0.3
101.6973,0.3
101.7975,0.3
101.8978,0.3
101.9980,0.6
102.0982,0.3
102.1984,0.3
102.2987,0.3
102.3989,0.6
102.4992,0.3
102.5994,0.3
102.6996,0.3
102.7998,0.3
102.9000,0.3
103.0003,0.3
103.1005,0.3
103.2007,0.6
103.3009,0.3
103.4011,0.3
104.0166,0.3
104.1168,0.3
104.2171,0.3
104.3173,0.3
104.4175,0.6
104.5177,0.3
104.6179,0.3
104.7181,0.3
104.8185,0.6
104.9187,0.3
105.0189,0.3
105.1197,0.3
105.2199,0.3
105.3201,0.3
105.4204,0.3
106.0024,0.6
106.1026,0.3
106.2028,0.3
106.3031,0.3
106.4033,0.3
106.5035,0.3
106.6038,0.3
106.7040,0.3
106.8042,0.6
106.9044,0.3
107.0048,0.3
107.1067,0.3
107.2069,0.6
107.3071,0.3
107.4073,0.3
107.5076,0.3
107.6078,0.3
107.7080,0.3
107.8082,0.3
107.9084,0.3
108.0086,0.6
108.1089,0.3
108.2091,0.3
108.3093,0.3
108.4095,0.6
108.5098,0.3
108.6100,0.3
108.7102,0.3
108.8104,0.3
108.9106,0.3
109.0108,0.3
109.1110,0.3
109.2113,0.6
109.3115,0.3
109.4117,0.3
109.5119,0.3
109.6121,0.6
109.7123,0.3
109.8125,0.3
109.9127,0.3
110.0129,0.3
110.1131,0.3
110.2134,0.3
110.3136,0.3
110.4138,0.6
110.5188,0.3
110.6190,0.3
110.7192,0.3
110.8195,0.6
110.9197,0.3
111.0199,0.3
111.1201,0.3
111.2203,0.3
111.3206,0.3
111.4208,0.3
111.5210,0.3
111.6212,0.6
111.7214,0.3
111.8216,0.3
111.9218,0.3
112.0220,0.6
112.1223,0.3
112.2225,0.3
112.3227,0.3
112.4229,0.3
112.5231,0.3
112.6233,0.3
112.7235,0.3
112.8238,0.6
112.9240,0.3
113.0242,0.3
113.1244,0.3
113.2246,0.6
113.3248,0.3
113.4251,0.3
113.5253,0.3
113.6255,0.3
113.7257,0.3
113.8259,0.3
113.9261,0.3
114.0263,0.6
114.1266,0.3
114.2268,0.3
114.3270,0.3
114.4272,0.6
114.5275,0.3
114.6277,0.3
114.7279,0.3
114.8281,0.3
114.9283,0.3
115.0285,0.3
115.1288,0.3
115.2290,0.6
115.3292,0.3
115.4294,0.3
115.5307,0.3
115.6309,0.6
115.7311,0.3
115.8313,0.3
115.9315,0.3
116.0317,0.3
116.1319,0.3
116.2321,0.3
116.3324,0.3
116.4326,0.6
116.5328,0.3
116.6330,0.3
116.7332,0.3
116.8334,0.6
116.9336,0.3
117.0339,0.3
117.1341,0.3
117.2343,0.3
117.3345,0.3
117.4347,0.3
117.5349,0.3
117.6351,0.6
117.7353,0.3
117.8355,0.3
117.9357,0.3
118.0360,0.6
118.1362,0.3
118.2364,0.3
118.3366,0.3
118.4368,0.3
118.5370,0.3
118.6372,0.3
118.7375,0.3
118.8377,0.6
118.9379,0.3
119.0381,0.3
119.1383,0.3
119.2385,0.6
119.3387,0.3
119.4389,0.3
119.5392,0.3
119.6394,0.3
119.7396,0.3
119.8398,0.3
119.9400,0.3
120.0402,0.6
