38.0
38.0
38.0
44.1
38.8
38.7
38.6
38.6
38.5
39.0
44.4
55.1
54.8
54.8
54.8
54.9
54.9
48.0
48.0
54.0
54.1
54.1
54.2
54.2
54.4
54.5
54.6
54.8
54.5
54.4
54.6
54.7
40.7
49.7
55.5
49.3
49.3
49.9
43.9
55.6
55.5
48.0
55.8
42.4
55.3
55.2
49.9
49.8
54.9
54.8
54.3
48.9
54.7
54.4
41.3
40.8
40.5
40.2
40.1
40.6
40.3
40.0
39.8
39.6
39.5
57.0
57.0
57.1
57.0
56.8
56.6
56.3
56.3
45.9
56.0
55.9
55.9
55.9
55.9
55.9
55.8
55.8
55.7
55.6
55.7
55.7
56.0
56.1
47.2
55.8
55.8
46.9
56.2
54.2
54.4
41.8
50.6
50.9
56.4
56.4
43.1
57.0
49.3
54.9
42.0
41.5
41.0
41.0
40.7
40.3
40.0
39.8
39.5
39.3
39.2
39.1
39.0
38.8
38.7
38.6
