115.4
115.2
115.2
115.4
132.5
126.4
115.4
115.4
115.4
115.9
135.9
135.8
136.0
136.0
136.5
137.0
136.9
136.7
136.6
136.6
136.5
136.5
136.5
136.6
136.9
137.2
137.1
137.0
136.9
136.9
136.9
136.9
137.0
137.0
137.4
137.7
137.6
137.6
137.5
137.5
137.4
137.4
137.4
137.3
137.7
138.0
137.9
137.8
137.9
137.9
118.4
118.1
118.2
117.9
129.6
129.6
115.7
115.7
115.8
115.7
156.8
180.5
143.5
136.3
136.6
136.9
136.7
136.5
174.2
185.4
185.4
125.1
117.0
116.8
129.0
128.9
115.6
115.6
115.8
115.9
115.9
115.9
116.1
116.1
128.6
128.4
115.9
115.9
115.9
116.0
116.0
115.9
116.2
116.3
129.4
129.3
116.1
116.0
116.0
116.2
123.0
123.1
123.3
123.3
133.3
132.6
116.1
116.1
116.5
116.5
116.5
116.5
116.7
116.7
128.4
128.3
116.1
116.1
116.1
116.0
116.0
115.9
