0.1001,4.7
0.2003,4.6
0.3005,4.5
0.4006,4.5
0.5008,5.5
0.6010,4.7
0.7011,4.8
0.8013,4.7
0.9014,5.6
1.0016,5.3
1.1017,7.4
1.2019,4.5
1.3020,4.6
1.4022,4.6
1.5023,4.6
1.6025,4.6
1.7027,5.6
1.8028,4.7
1.9030,4.8
2.0031,4.7
2.1033,5.6
2.2035,4.5
2.3036,4.5
2.4038,4.6
2.5039,4.7
2.6041,4.7
2.7043,4.7
2.8044,4.7
2.9046,5.6
3.0048,4.7
3.1049,4.5
3.2051,4.5
3.3052,5.4
3.4054,4.6
3.5055,4.6
3.6057,4.7
3.7058,4.9
3.8060,4.8
3.9062,4.8
4.0063,4.6
4.1065,5.4
4.2066,5.8
4.3068,4.6
4.4070,4.6
4.5071,5.5
4.6073,4.7
4.7074,4.7
4.8076,4.8
4.9077,4.8
5.0079,6.3
5.1081,7.6
5.2083,10.6
5.3084,10.1
5.4086,10.9
5.5087,4.7
5.6089,4.7
5.7091,5.7
5.8093,4.8
5.9094,4.8
6.0096,4.8
6.1098,4.6
6.2099,4.5
6.3101,4.5
6.4102,4.7
6.5104,5.5
6.6105,4.7
6.7107,4.7
6.8109,4.7
6.9110,5.6
7.0112,4.8
7.1114,4.5
7.2115,4.5
7.3117,4.6
7.4118,4.6
7.5120,4.6
7.6122,4.7
7.7123,5.6
7.8125,4.7
7.9127,4.7
8.0128,4.7
8.1130,5.4
8.2131,4.5
8.3133,4.6
8.4134,4.6
8.5136,4.8
8.6137,4.7
8.7139,4.8
8.8141,4.7
8.9142,5.6
9.0144,4.7
9.1145,4.6
9.2148,5.5
9.3149,5.4
9.4151,4.6
9.5152,4.7
9.6154,4.7
9.7155,4.8
9.8157,4.7
9.9158,4.8
10.0160,4.7
10.1162,5.4
10.2163,4.5
10.3165,4.6
10.4167,7.7
10.5168,14.7
10.6170,13.8
10.7172,5.8
10.8173,17.1
10.9175,16.4
11.0177,16.6
11.1180,18.3
11.2182,15.5
11.3184,18.5
11.4186,17.6
11.5188,12.9
11.6191,13.1
11.7193,14.5
11.8196,15.6
11.9198,13.5
12.0201,16.3
12.1203,16.9
12.2205,17.6
12.3208,14.9
12.4210,15.2
12.5213,17.6
12.6215,16.4
12.7217,14.6
12.8218,16.3
12.9220,16.9
13.0221,15.3
13.1222,16.2
13.2224,14.8
13.3226,18.4
13.4227,18.5
13.5229,18.6
13.6230,18.6
13.7232,19.1
13.8233,18.7
13.9235,18.6
14.0236,18.6
14.1238,18.6
14.3993,7.6
14.4995,18.8
14.5996,18.7
14.6998,18.7
14.8000,18.7
14.9001,18.7
15.0003,19.3
15.1006,18.8
15.2008,18.7
15.3010,18.8
15.4012,19.4
15.5015,18.9
15.6017,18.8
15.7019,17.5
15.8021,12.6
15.9023,10.0
16.0026,9.8
16.1028,17.5
16.2030,16.8
16.3033,16.0
16.4035,18.2
16.5037,18.4
16.6039,19.1
16.7042,18.5
16.8044,18.3
16.9046,13.8
17.0048,18.2
17.1050,18.4
17.2051,18.3
17.3052,18.5
17.4054,17.6
17.5055,17.4
17.6057,18.2
17.7058,18.5
17.8060,18.9
17.9061,18.3
18.0063,18.3
18.1065,18.3
18.2066,18.3
18.3068,18.1
18.4069,18.3
18.5071,18.1
18.6072,18.1
18.7074,18.5
18.8076,15.1
18.9077,18.6
19.0079,14.9
19.1080,11.2
19.2082,17.0
19.3083,5.5
19.4085,4.9
19.5087,4.6
19.6088,8.7
19.7090,18.5
19.8091,19.0
19.9093,18.5
20.0095,18.5
20.1096,18.7
20.2098,18.5
20.3099,13.2
20.4101,16.3
20.5102,18.2
20.6104,18.5
20.7105,17.3
20.8107,18.4
20.9109,17.5
21.0110,18.9
21.1111,18.6
21.2113,18.4
21.3114,17.6
21.4116,19.0
21.5118,18.8
21.6119,18.7
21.7121,18.5
21.8122,18.3
21.9124,18.0
22.0126,18.4
22.1127,18.6
22.2128,19.0
22.3130,18.3
22.4132,18.6
22.5133,18.2
22.6135,19.0
22.7136,18.4
22.8138,18.5
22.9139,18.6
23.0141,18.6
23.1142,18.4
23.2144,18.2
23.3145,18.5
23.4147,18.7
23.5148,18.4
23.6150,18.2
23.7151,18.4
23.8153,18.8
23.9155,18.4
24.0156,18.4
24.1158,18.5
24.2159,14.8
24.3712,15.5
24.4714,17.8
24.5715,18.5
24.6717,17.7
24.7719,17.5
24.8721,17.7
24.9722,18.3
25.0724,17.7
25.1726,18.1
25.2728,17.8
25.3730,17.8
25.4732,17.5
25.5733,17.7
25.6735,18.0
25.7737,18.3
25.8739,17.9
25.9740,17.6
26.0742,18.0
26.1744,18.3
26.2745,17.8
26.3747,17.6
26.4749,18.0
26.5751,17.8
26.6753,17.4
26.7754,18.3
26.8756,18.4
26.9758,18.7
27.0760,18.4
27.1763,18.7
27.2765,18.6
27.3767,19.3
27.4770,18.7
27.5772,18.8
27.6774,18.6
27.7776,17.8
27.8778,18.6
27.9780,18.6
28.0782,18.7
28.1783,19.2
28.2785,18.8
28.3787,18.9
28.4790,18.7
28.5792,19.4
28.6794,18.5
28.7796,18.6
28.8798,18.8
28.9800,18.8
29.0802,19.0
29.1804,18.6
29.2806,17.2
29.3809,6.4
29.4811,5.8
29.5813,5.8
29.6816,5.7
29.7819,6.7
29.8821,5.0
29.9823,5.3
30.0826,9.9
30.1828,8.8
30.2830,5.3
30.3833,5.5
30.4835,5.6
30.5838,6.5
30.6840,16.1
30.7842,18.7
30.8844,18.9
30.9846,19.3
31.0848,18.8
31.1851,18.8
31.2853,18.6
31.3855,18.8
31.4856,18.7
31.5858,18.7
31.6860,18.8
31.7861,19.4
31.8864,18.7
31.9866,18.9
32.0868,18.8
32.1870,19.4
32.2872,18.9
32.3874,18.8
32.4876,18.8
32.5878,18.7
32.6880,18.6
32.7881,19.4
32.8883,18.8
32.9885,19.0
33.0887,18.7
33.1889,19.1
33.2890,18.8
33.3893,19.5
33.4895,18.9
33.5897,18.9
33.6899,18.7
33.7901,18.7
33.8902,18.7
33.9904,18.8
34.0906,18.8
34.1908,19.5
34.2910,18.1
34.3913,5.9
34.4915,6.6
34.5917,7.0
34.6920,6.2
34.7922,6.3
34.8924,6.2
34.9927,10.4
35.0928,18.9
35.1931,19.1
35.2933,18.9
35.3935,19.6
35.4938,19.0
35.5940,19.0
35.6942,19.0
35.7944,19.5
35.8946,18.9
35.9948,18.9
36.0950,19.0
36.1952,19.2
36.2955,18.9
36.3957,18.9
36.4959,19.0
36.5961,19.2
36.6963,17.0
36.7965,18.6
36.8967,18.8
36.9969,19.4
37.0971,18.8
37.1973,18.8
37.2976,18.6
37.3978,18.9
37.4980,18.8
37.5982,18.6
37.6984,18.8
37.7986,19.3
37.8988,18.7
37.9991,18.6
38.0993,18.7
38.1995,19.2
38.2997,18.6
38.3998,18.5
38.5000,18.9
38.6001,18.6
38.7003,18.8
38.8005,18.7
38.9007,18.7
39.0008,19.4
39.1010,18.7
39.2012,18.7
39.3014,15.3
39.4016,6.9
39.5019,6.3
39.6021,6.0
39.7023,6.5
39.8026,6.1
39.9028,6.6
40.0030,6.2
40.1032,6.4
40.2035,6.8
40.3037,6.6
40.4039,6.4
40.5042,6.0
40.6044,6.9
40.7047,6.4
40.8049,6.2
40.9051,6.5
41.0054,6.1
41.1056,6.2
41.2058,5.8
41.3060,8.3
41.4062,19.3
41.5065,18.7
41.6067,18.8
41.7069,18.8
41.8071,17.5
41.9073,19.0
42.0076,18.3
42.1078,18.5
42.2080,17.6
42.3082,18.8
42.4085,18.7
42.5087,17.9
42.6089,19.3
42.7091,18.8
42.8093,18.8
42.9095,15.7
43.0098,5.7
43.1100,5.0
43.2103,5.0
43.3105,5.0
43.4107,5.0
43.5110,4.8
43.6112,4.7
43.7115,4.8
43.8117,5.7
43.9120,4.8
44.0122,4.9
44.1125,4.9
44.2127,5.8
44.3129,4.9
44.4132,6.6
44.5135,5.5
44.6137,5.6
44.7139,5.6
44.8142,5.5
44.9144,5.7
45.0146,6.3
45.1149,5.2
45.2151,5.0
45.3153,5.0
45.4156,5.8
45.5159,4.7
45.6161,4.7
45.7163,4.9
45.8166,4.8
45.9168,4.8
46.0171,4.9
46.1173,4.9
46.2175,5.7
46.3178,4.9
46.4180,4.9
46.5183,4.7
46.6185,5.6
46.7188,4.7
46.8190,4.8
46.9192,4.9
47.0195,4.9
47.1197,4.9
47.2200,5.0
47.3202,5.0
47.4205,5.6
47.5207,4.8
47.6209,4.7
47.7211,4.8
47.8214,5.7
47.9216,10.4
48.0218,17.4
48.1221,4.9
48.2223,5.0
48.3226,4.9
48.4228,5.0
48.5231,4.8
48.6233,5.6
48.7235,4.7
48.8238,4.8
48.9240,4.8
49.0243,5.7
49.1245,4.9
49.2248,5.0
49.3250,5.0
49.4253,8.6
49.5256,6.6
49.6258,6.1
49.7261,4.7
49.8263,5.6
49.9266,4.8
50.0268,4.8
50.1271,4.9
50.2273,5.7
50.3275,4.9
50.4277,4.9
50.5280,5.0
50.6282,5.1
50.7285,4.7
50.8287,4.7
50.9290,4.8
51.0292,5.8
51.1294,4.9
51.2297,4.9
51.3299,5.0
51.4302,5.8
51.5304,5.0
51.6306,5.0
51.7309,4.8
51.8311,4.8
51.9314,4.8
52.0316,4.8
52.1318,4.9
52.2321,5.7
52.3323,4.9
52.4326,4.8
52.5328,4.9
52.6331,5.8
52.7333,4.7
52.8336,4.7
52.9338,4.8
53.0340,11.5
53.1342,46.8
53.2344,47.8
53.3346,48.0
53.4347,48.1
53.5349,47.9
53.6351,47.2
53.7353,47.9
53.8354,48.7
53.9356,48.3
54.0358,47.8
54.1360,45.2
54.2362,28.0
54.3364,47.9
54.4365,47.8
54.5367,48.0
54.6369,48.2
54.7371,48.0
54.8372,48.0
54.9374,41.6
55.0376,46.4
55.1377,47.9
55.2379,47.7
55.3381,48.3
55.4383,48.3
55.5385,47.4
55.6387,32.3
55.7389,19.8
55.8391,19.2
55.9393,18.7
56.0396,18.8
56.1398,18.8
56.2400,19.1
56.3402,18.9
56.4404,18.5
56.5407,18.7
56.6409,18.7
56.7411,18.8
56.8413,18.8
56.9415,18.7
57.0418,19.3
57.1420,18.7
57.2422,18.8
57.3424,18.5
57.4427,19.1
57.5429,18.4
57.6431,18.6
57.7433,18.4
57.8435,18.6
57.9437,18.5
58.0440,18.6
58.1442,18.8
58.2444,19.4
58.3446,18.7
58.4449,18.7
58.5451,18.7
58.6453,19.2
58.7456,18.8
58.8458,18.7
58.9460,18.8
59.0462,18.8
59.1465,18.5
59.2467,18.6
59.3469,18.5
59.4472,14.4
59.5474,13.6
59.6477,15.8
59.7478,19.2
59.8480,20.4
59.9482,19.1
60.0483,18.6
60.1485,18.5
60.2486,18.6
60.3488,18.6
60.4490,21.3
60.5492,47.8
60.6493,48.7
60.7495,48.5
60.8497,48.5
60.9498,48.4
61.0500,49.5
61.1502,49.3
61.2504,49.1
61.3505,49.2
61.4507,49.3
61.5509,49.4
61.6511,49.3
61.7513,49.4
61.8514,49.9
61.9516,49.5
62.0518,49.4
62.1519,49.5
62.2521,49.9
62.3523,49.5
62.4524,48.7
62.5526,48.7
62.6528,48.9
62.7530,48.9
62.8531,49.4
62.9533,49.6
63.0534,50.0
63.1536,49.6
63.2538,49.6
63.3540,49.6
63.4541,49.8
63.5543,49.7
63.6545,28.9
63.7547,5.0
63.8550,5.0
63.9553,4.9
64.0555,5.0
64.1557,5.0
64.2560,5.9
64.3562,5.0
64.4565,7.4
64.5568,6.1
64.6570,6.4
64.7573,5.9
64.8575,5.6
64.9578,5.9
65.0581,5.8
65.1583,6.0
65.2585,5.3
65.3588,5.5
65.4590,6.8
65.5593,5.6
65.6596,5.8
65.7598,5.5
65.8601,6.4
65.9603,5.6
66.0605,5.4
66.1608,5.7
66.2610,5.4
66.3613,5.9
66.4615,5.8
66.5617,5.6
66.6620,6.3
66.7622,5.7
66.8624,5.5
66.9627,5.7
67.0629,6.4
67.1631,5.6
67.2634,6.1
67.3637,5.6
67.4639,5.6
67.5641,5.4
67.6644,5.6
67.7646,5.7
67.8649,6.5
67.9651,5.5
68.0654,5.5
68.1656,5.6
68.2659,6.9
68.3661,5.8
68.4664,6.0
68.5666,5.2
68.6668,5.1
68.7671,5.5
68.8673,5.8
68.9676,5.4
69.0678,6.6
69.1680,5.6
69.2683,5.8
69.3685,5.6
69.4688,6.5
69.5690,5.0
69.6692,5.4
69.7695,5.7
69.8697,5.9
69.9700,5.4
70.0702,5.4
70.1705,6.1
70.2707,6.7
70.3710,5.9
70.4712,5.2
70.5715,5.7
71.2855,5.1
71.3858,4.8
71.4861,5.7
71.5863,4.7
71.6865,4.9
71.7868,4.9
71.8870,5.7
71.9873,4.9
72.0875,5.1
72.1877,5.0
72.2880,4.9
72.3882,4.8
72.4885,4.7
72.5887,4.8
72.6890,5.7
72.7892,4.8
72.8895,4.9
72.9897,5.0
73.0899,5.8
73.1902,5.0
73.2904,5.1
73.3907,4.8
73.4909,4.7
73.5912,4.8
73.6914,4.9
73.7917,4.9
73.8919,5.7
73.9921,4.9
74.0924,4.9
74.1926,5.0
74.2929,5.8
74.3931,4.8
74.4934,4.7
74.5936,4.9
74.6939,4.9
74.7941,4.9
74.8943,5.0
74.9946,4.9
75.0948,5.8
75.1951,5.0
75.2953,5.0
75.3956,4.8
75.4958,5.5
75.5961,4.8
75.6963,4.8
75.7966,4.8
75.8968,4.9
75.9970,4.9
76.0973,5.0
76.1975,5.2
76.2978,8.9
76.3980,6.6
76.4983,4.7
76.5985,4.8
76.6987,5.6
76.7990,4.9
76.8992,4.9
76.9995,4.9
77.0997,5.0
77.1999,5.0
77.3002,5.0
77.4004,5.0
77.5007,5.6
77.6009,4.7
77.7012,4.9
77.8014,4.9
77.9017,5.8
78.0019,4.9
78.1021,4.9
78.2024,5.0
78.3026,5.0
78.4029,5.0
78.5031,4.6
78.6034,4.8
78.7036,16.1
78.8038,15.6
78.9039,11.0
79.0042,4.9
79.1044,5.7
79.2047,4.9
79.3049,5.0
79.4052,5.0
79.5054,5.0
79.6056,4.9
79.7059,4.8
79.8061,4.8
79.9063,5.6
80.0066,4.9
80.1068,4.8
80.2070,4.9
80.3073,5.8
80.4075,4.9
80.5077,5.0
80.6080,4.9
80.7082,4.8
80.8085,4.7
80.9087,4.8
81.0090,4.9
81.1092,5.7
81.2095,4.9
81.3097,4.9
81.4099,5.0
81.5102,5.8
81.6104,8.8
81.7107,4.8
81.8109,4.7
81.9112,4.9
82.0114,4.9
82.1117,4.9
82.2119,4.9
82.3122,5.8
82.4124,4.9
82.5127,5.0
82.6129,5.0
82.7131,5.6
82.8134,4.8
82.9136,4.8
83.0138,4.8
83.1141,4.9
83.2144,4.9
83.3146,4.8
83.4148,5.0
83.5150,5.7
83.6153,4.8
83.7155,4.7
83.8157,4.7
83.9160,5.5
84.0162,4.8
84.1164,4.8
84.2167,4.9
84.3169,4.9
84.4171,4.8
84.5174,4.9
84.6176,5.0
84.7179,5.5
84.8181,4.8
84.9183,4.8
85.0186,4.9
85.1188,5.7
85.2191,4.9
85.3193,4.9
85.4195,5.0
85.5198,5.0
85.6200,4.9
85.7202,4.8
85.8205,4.8
85.9207,5.6
86.0210,4.9
86.1212,4.9
86.2215,4.9
86.3217,5.8
86.4219,4.9
86.5222,5.0
86.6225,5.0
86.7227,4.8
86.8230,4.7
86.9232,4.8
87.0234,4.9
87.1237,5.7
87.2239,5.0
87.3241,5.0
87.4244,5.0
87.5246,5.7
87.6249,4.9
87.7251,4.7
87.8254,4.8
87.9256,4.8
88.0259,4.8
88.1261,4.9
88.2263,5.0
88.3266,5.7
88.4268,5.0
88.5271,5.0
88.6273,5.0
88.7276,5.5
88.8278,4.7
88.9281,4.8
89.0283,4.9
89.1285,4.8
89.2288,5.0
89.3290,5.0
89.4293,5.0
89.5295,5.8
89.6298,4.9
89.7300,4.7
89.8302,4.8
89.9305,5.7
90.0307,4.8
90.1310,4.9
90.2312,4.9
90.3314,4.9
90.4317,5.0
90.5319,4.9
90.6322,4.9
90.7324,5.6
90.8326,4.7
90.9329,4.7
91.0331,4.8
91.1333,5.6
91.2336,4.9
91.3338,5.0
91.4341,5.0
91.5343,5.0
91.6346,4.9
91.7348,4.7
91.8351,4.8
91.9353,5.6
92.0356,4.8
92.1358,5.0
92.2360,5.0
92.3363,5.7
92.4365,4.9
92.5368,5.0
92.6370,4.8
92.7373,4.8
92.8375,4.8
92.9378,4.8
93.0380,4.8
93.1383,5.8
93.2385,4.9
93.3387,4.9
93.4390,5.0
93.5392,5.7
93.6395,4.8
93.7397,4.8
93.8400,4.8
93.9402,4.8
94.0404,4.9
94.1407,4.8
94.2409,5.0
94.3411,5.7
94.4414,5.0
94.5416,5.0
94.6418,4.8
94.7421,5.5
94.8423,4.8
94.9426,4.8
95.0428,4.8
95.1430,4.9
95.2433,5.0
95.3435,4.9
95.4437,5.0
95.5440,5.8
95.6442,4.9
95.7445,4.8
95.8447,4.8
95.9450,5.6
96.0452,4.9
96.1454,4.9
96.2457,5.0
96.3459,4.9
96.4462,4.9
96.5464,5.0
96.6467,4.9
96.7469,5.6
96.8472,4.8
96.9474,4.8
97.0477,4.9
97.1479,5.7
97.2482,4.9
97.3484,4.8
97.4486,4.9
97.5489,4.9
97.6491,4.7
97.7493,4.7
97.8496,4.7
97.9498,5.5
98.0500,4.8
98.1503,4.9
98.2505,4.9
98.3508,5.7
98.4510,5.9
98.5513,6.6
98.6516,6.8
98.7518,6.7
98.8520,6.5
98.9523,5.5
99.0525,4.7
99.1528,5.5
99.2530,4.9
99.3533,4.8
99.4535,4.8
99.5538,5.7
99.6540,4.9
99.7543,5.0
99.8545,5.0
99.9548,4.8
100.0550,4.7
100.1552,4.8
100.2554,4.9
100.3557,5.6
100.4559,4.9
100.5562,4.9
100.6564,5.0
100.7567,5.8
100.8569,4.9
100.9572,4.8
101.0574,4.8
101.1576,4.8
101.2579,4.8
101.3581,4.8
101.4583,4.9
101.5586,5.7
101.6588,9.6
101.7590,5.0
101.8593,4.9
101.9595,5.8
102.0597,4.8
102.1600,4.7
102.2602,4.8
102.3605,4.8
102.4607,4.9
102.5610,4.9
102.6612,5.0
102.7614,5.8
102.8617,5.0
102.9619,4.9
103.0621,4.8
103.1624,5.6
103.2626,4.8
103.3629,4.8
103.4631,5.1
103.5633,5.0
103.6636,5.0
103.7639,5.0
103.8641,5.0
103.9643,5.7
104.0646,4.7
104.1648,4.7
104.2651,4.8
104.3653,5.5
104.4655,4.8
104.5658,4.8
104.6660,4.9
104.7663,4.9
104.8665,4.9
104.9668,4.8
105.0670,4.7
105.1672,5.6
105.2675,4.7
105.3677,4.7
105.4679,4.9
105.5682,5.7
105.6684,4.9
105.7686,5.0
105.8689,5.0
105.9691,4.9
106.0693,4.7
106.1696,4.7
106.2698,4.9
106.3700,5.7
106.4703,4.9
106.5705,5.0
106.6708,5.1
106.7711,5.8
106.8713,5.0
106.9715,4.8
107.0718,4.7
107.1720,4.8
107.2723,4.9
107.3725,4.8
107.4727,4.9
107.5730,5.7
107.6732,4.9
107.7735,5.0
107.8737,5.1
107.9739,5.6
108.0742,4.7
108.1744,4.8
108.2747,4.8
108.3749,4.8
108.4752,4.9
108.5754,4.9
108.6756,5.0
108.7759,5.8
108.8761,4.9
108.9764,4.9
109.0766,4.7
109.1769,5.6
109.2771,4.8
109.3773,4.8
109.4776,4.8
109.5778,5.0
109.6780,5.0
109.7783,5.0
109.8785,5.0
109.9787,5.6
110.0790,4.7
110.1792,4.8
110.2794,4.8
110.3797,5.6
110.4799,4.8
110.5801,4.9
110.6804,5.0
110.7806,5.0
110.8809,5.0
110.9811,4.8
111.0813,4.7
111.1815,5.5
111.2818,4.8
111.3820,4.8
111.4823,4.9
111.5825,5.8
111.6827,5.0
111.7830,4.9
111.8832,5.4
111.9835,4.8
112.0837,4.8
112.1840,4.8
112.2842,4.8
112.3844,5.5
112.4847,4.8
112.5849,4.9
112.6852,4.9
112.7854,5.7
112.8856,4.9
112.9859,4.7
113.0861,4.8
113.1864,4.8
113.2866,4.8
113.3868,4.8
113.4871,4.9
113.5873,5.7
113.6876,5.0
113.7878,5.0
113.8881,5.0
113.9883,5.5
114.0886,4.7
114.1888,4.7
114.2890,4.9
114.3893,4.8
114.4895,4.8
114.5898,4.9
114.6900,5.0
114.7903,5.9
114.8905,5.0
114.9907,4.8
115.0910,4.8
115.1912,5.6
115.2915,4.8
115.3917,4.8
115.4919,4.9
115.5922,4.9
115.6924,5.0
115.7927,5.0
115.8929,4.9
115.9931,5.6
116.0934,4.7
116.1936,4.7
116.2939,4.8
116.3941,5.6
116.4944,4.8
116.5946,5.0
116.6949,5.0
116.7951,4.9
116.8953,5.0
116.9956,4.8
117.0958,4.7
117.1961,5.6
117.2963,4.7
117.3965,4.8
117.4968,4.9
117.5970,5.7
117.6973,5.0
117.7975,5.0
117.8978,5.0
117.9980,4.9
118.0982,4.8
118.1985,4.7
118.2987,4.8
118.3990,5.6
118.4992,4.8
118.5995,5.0
118.6997,4.9
118.7999,5.7
118.9002,5.0
119.0004,4.8
119.1007,4.8
119.2009,4.8
119.3011,4.8
119.4014,4.7
119.5016,4.8
119.6018,5.6
119.7021,4.9
119.8024,4.9
119.9026,5.0
120.0028,5.5
