0.1001,7.1
0.2005,6.0
0.3007,6.0
0.4009,6.3
0.5011,7.0
0.6013,6.4
0.7015,6.3
0.8017,6.3
0.9019,6.3
1.0022,6.2
1.1024,6.3
1.2026,6.3
1.3028,7.0
1.4030,6.3
1.5032,6.3
1.6034,6.3
1.7036,7.0
1.8038,6.3
1.9040,6.3
2.0042,6.3
2.1044,6.4
2.2046,6.3
2.3048,6.3
2.4050,6.3
2.5052,7.0
2.6054,6.2
2.7056,6.3
2.8058,6.3
2.9060,7.0
3.0062,6.3
3.1064,6.3
3.2066,6.3
3.3068,6.3
3.4070,6.3
3.5073,6.2
3.6075,6.2
3.7077,7.1
3.8079,6.3
3.9081,6.3
4.0083,6.3
4.1085,7.0
4.2087,5.9
4.3089,6.0
4.4091,6.2
4.5093,6.2
4.6095,6.3
4.7097,6.3
4.8099,6.3
4.9101,7.0
5.0104,6.6
5.1106,6.6
5.2108,6.9
5.3110,7.5
5.4112,8.2
5.5114,9.5
5.6116,6.9
5.7118,9.3
5.8121,11.6
5.9123,8.0
6.0125,7.5
6.1127,8.0
6.2129,8.6
6.3131,7.1
6.4133,6.3
6.5136,7.1
6.6138,6.3
6.7140,6.3
6.8142,6.3
6.9144,6.2
7.0146,6.3
7.1148,6.3
7.2150,6.3
7.3152,7.1
7.4154,6.3
7.5157,6.3
7.6159,6.2
7.7161,7.1
7.8163,6.3
7.9165,6.3
8.0167,6.3
8.1169,6.3
8.2171,6.3
8.3173,6.3
8.4175,6.3
8.5177,7.1
8.6179,6.2
8.7182,6.2
8.8184,6.3
8.9186,7.1
9.0188,6.1
9.1190,6.4
9.2192,6.3
9.3194,6.3
9.4196,6.3
9.5198,6.3
9.6200,6.3
9.7202,7.1
9.8204,6.2
9.9207,6.0
10.0209,6.3
10.1211,7.0
10.2213,6.2
10.3215,6.2
10.4217,6.1
10.5219,6.3
10.6221,6.3
10.7224,6.2
10.8226,6.1
10.9228,7.0
11.0230,6.3
11.1232,6.3
11.2235,6.3
11.3237,10.8
11.4239,6.8
11.5241,6.5
11.6243,6.7
11.7245,6.9
11.8248,6.7
11.9250,6.6
12.0252,6.7
12.1254,7.8
12.2257,6.9
12.3259,6.9
12.4261,7.7
12.5264,8.0
12.6266,8.6
12.7269,13.9
12.8271,6.6
12.9273,8.9
13.0276,9.3
13.1278,7.1
13.2280,15.1
13.3285,17.4
13.4287,15.5
13.5289,16.3
13.6292,16.7
13.7294,16.0
13.8296,17.0
13.9298,15.7
14.0300,16.8
14.1302,13.4
14.2305,14.4
14.3307,13.8
14.4310,14.8
14.5312,15.1
14.6314,14.5
14.7316,17.2
14.8318,16.0
14.9320,16.6
15.0322,15.7
15.1325,6.2
15.2327,8.0
15.3329,15.2
15.4331,16.1
15.5333,14.7
15.6336,16.2
15.7338,15.2
15.8340,15.9
15.9342,15.7
16.0344,16.3
16.1347,15.5
16.2349,14.8
16.3351,14.8
16.4354,14.4
16.5356,17.1
16.6358,17.2
16.7362,17.4
16.8364,17.3
16.9366,17.6
17.0368,17.2
17.1370,17.3
17.2372,17.3
17.3374,17.7
17.4376,17.3
17.5378,17.3
17.6381,17.3
17.7383,17.4
17.8385,17.3
17.9387,17.4
18.0389,17.4
18.1391,17.8
18.2393,17.3
18.3395,17.4
18.4398,17.4
18.5400,17.9
18.6402,17.4
18.7406,17.4
18.8408,17.2
18.9410,17.3
19.0412,17.3
19.1414,17.3
19.2417,13.6
19.3419,7.6
19.4421,11.9
19.5424,10.6
19.6426,12.9
19.7428,11.0
19.8430,10.1
19.9433,16.3
20.0435,13.4
20.1923,10.4
20.2926,6.4
20.3928,6.5
20.4930,6.3
20.5933,7.1
20.6935,13.7
20.7937,17.2
20.8939,17.4
20.9941,18.0
21.0944,17.5
21.1946,17.4
21.2948,15.2
21.3950,10.6
21.4952,16.3
21.5954,17.4
21.6956,17.5
21.7958,17.9
21.8960,17.6
21.9963,14.8
22.0965,16.0
22.1967,16.8
22.2969,15.8
22.3971,17.5
22.4973,17.4
22.5976,17.3
22.6978,17.3
22.7980,17.3
22.8982,17.3
22.9985,17.7
23.0987,17.4
23.1989,17.3
23.2991,17.2
23.3993,17.9
23.4995,15.7
23.5998,16.2
23.7000,13.7
23.8003,15.5
23.9005,12.3
24.0007,16.3
24.1009,17.4
24.2011,18.0
24.3013,17.7
24.4016,17.7
24.5018,17.6
24.6020,17.8
24.7022,17.0
24.8024,13.6
24.9027,16.4
25.0029,17.5
25.1031,16.9
25.2033,11.0
25.3035,11.3
25.4037,17.7
25.5040,16.9
25.6042,16.8
25.7044,17.4
25.8046,17.6
25.9048,17.4
26.0050,17.0
26.1052,17.4
26.2055,17.7
26.3057,17.5
26.4059,17.5
26.5061,17.3
26.6064,17.9
26.7066,17.4
26.8068,17.6
26.9070,17.6
27.0072,18.0
27.1074,17.4
27.2076,17.5
27.3079,17.3
27.4081,17.6
27.5083,17.5
27.6085,17.6
27.7087,17.5
27.8090,17.8
27.9092,17.5
28.0094,17.4
28.1096,17.5
28.2098,17.9
28.3101,17.3
28.4103,17.4
28.5105,18.5
28.6107,17.3
28.7109,17.3
28.8111,17.3
28.9113,17.3
29.0115,17.8
29.1118,17.4
29.2120,17.4
29.3122,17.5
29.4124,17.9
29.5126,17.3
29.6129,17.6
29.7131,17.5
29.8133,17.6
29.9135,17.7
30.0138,17.7
30.1140,16.6
30.2142,11.5
30.3145,6.6
30.4147,8.1
30.5149,17.4
30.6152,17.7
30.7154,17.4
30.8156,17.5
30.9158,17.7
31.0160,17.5
31.1162,17.5
31.2165,17.5
31.3167,17.4
31.4169,18.1
31.5171,17.4
31.6173,17.5
31.7175,17.4
31.8177,18.0
31.9179,17.6
32.0181,10.4
32.1184,15.6
32.2186,17.0
32.3188,16.5
32.4190,15.8
32.5193,16.7
32.6195,17.7
32.7197,16.6
32.8199,17.6
32.9202,17.4
33.0204,17.6
33.1207,17.0
33.2209,17.2
33.3211,17.6
33.4213,17.5
33.5215,17.6
33.6217,16.9
33.7219,17.5
33.8221,17.2
33.9224,17.2
34.0226,17.6
34.1228,14.2
34.2230,14.2
34.3233,6.5
34.4235,6.5
34.5237,6.5
34.6239,6.6
34.7241,6.5
34.8243,6.4
34.9246,6.3
35.0248,7.2
35.1251,6.7
35.4305,7.3
35.5308,6.5
35.6310,11.4
35.7312,16.9
35.8315,17.5
35.9317,16.4
36.0319,17.5
36.1321,17.1
36.2323,18.0
36.3325,17.3
36.4327,17.4
36.5329,17.3
36.6332,16.8
36.7334,17.4
36.8336,14.9
36.9338,16.7
37.0341,17.4
37.1343,17.3
37.2345,17.3
37.3347,16.9
37.4349,17.5
37.5351,17.6
37.6353,16.7
37.7355,15.0
37.8358,10.0
37.9360,6.6
38.0362,6.6
38.1364,6.2
38.2366,6.7
38.3369,6.7
38.4371,6.6
38.5373,6.5
38.6375,13.6
38.7377,17.5
38.8380,16.4
38.9382,17.0
39.0385,17.1
39.1387,17.5
39.2389,16.5
39.3391,16.8
39.4393,17.5
39.5396,13.2
39.6398,16.5
39.7401,15.6
39.8406,15.9
39.9408,14.5
40.0410,16.4
40.1412,12.4
40.4023,6.5
40.5025,6.7
40.6027,6.8
40.7029,6.5
40.8031,6.6
40.9034,6.7
41.0036,11.2
41.1038,15.1
41.2040,17.5
41.3042,17.6
41.4044,17.4
41.5046,17.3
41.6048,17.5
41.7050,17.5
41.8053,16.8
41.9055,17.4
42.0057,17.2
42.1059,17.6
42.2061,18.2
42.3064,12.8
42.4066,17.6
42.5068,17.5
42.6070,18.0
42.7072,16.7
42.8074,17.5
42.9077,17.0
43.0079,14.9
43.1081,17.5
43.2083,17.6
43.3086,16.2
43.4088,7.9
43.5090,6.8
43.6093,6.6
43.7095,6.7
43.8098,7.3
43.9100,13.8
44.0102,16.8
44.1105,16.2
44.2107,16.8
44.3109,16.1
44.4111,17.3
44.5113,17.3
44.6115,18.0
44.7118,15.4
44.8120,17.5
44.9122,16.3
45.0124,18.2
45.1126,17.3
45.2130,12.7
45.3132,6.7
45.4135,6.8
45.5137,6.7
45.6139,6.7
45.7141,6.6
45.8143,7.9
45.9146,7.3
46.0148,6.3
46.1150,9.1
46.2152,17.9
46.3154,17.4
46.4157,17.5
46.5159,17.5
46.6161,17.5
46.7163,17.5
46.8165,16.4
46.9167,17.5
47.0170,17.9
47.1172,14.2
47.2174,15.8
47.3177,16.0
47.4179,16.4
47.5181,16.3
47.6184,17.2
47.7186,17.5
47.8189,17.5
47.9191,16.3
48.0193,17.5
48.1195,17.5
48.2197,15.0
48.3200,13.6
48.4202,17.6
48.5204,17.4
48.6206,18.0
48.7208,17.5
48.8211,14.3
48.9213,6.8
49.0215,6.4
49.1217,6.3
49.2219,6.7
49.3222,6.7
49.4224,7.8
49.5227,6.6
49.6229,6.6
49.7231,16.4
49.8233,17.9
49.9236,16.5
50.0238,17.5
50.1263,17.4
50.2588,10.5
50.3590,17.0
50.4592,16.5
50.5594,17.5
50.6596,18.0
50.7599,17.5
50.8601,16.9
50.9603,16.9
51.0605,17.8
51.1608,16.7
51.2610,17.5
51.3612,17.5
51.4614,13.1
51.5616,13.4
51.6618,16.7
51.7620,16.7
51.8623,18.0
51.9625,17.4
52.0627,16.1
52.1630,15.5
52.2632,18.0
52.3634,17.4
52.4636,16.4
52.5638,17.5
52.6640,12.0
52.7643,16.9
52.8647,17.1
52.9649,6.8
53.0651,7.8
53.1654,6.6
53.2656,6.6
53.3658,6.8
53.4660,7.4
53.5662,6.4
53.6665,9.2
53.7667,17.5
53.8669,15.8
53.9671,17.4
54.0673,16.6
54.1676,17.5
54.2678,17.1
54.3680,17.5
54.4682,10.2
54.5684,16.2
54.6686,17.7
54.7695,17.6
54.8697,17.1
54.9699,16.0
55.0702,16.5
55.1704,16.9
55.4130,16.4
55.5133,7.3
55.6135,17.4
55.7137,13.2
55.8139,16.8
55.9141,17.4
56.0144,17.5
56.1146,17.6
56.2148,17.5
56.3150,17.5
56.4152,7.6
56.5154,6.3
56.6157,7.3
56.7159,6.3
56.8161,6.3
56.9163,6.1
57.0165,7.1
57.1167,6.3
57.2170,6.3
57.3172,6.1
57.4174,6.1
57.5176,6.2
57.6178,6.3
57.7180,6.3
57.8182,7.0
57.9184,6.2
58.0187,6.3
58.1189,6.2
58.2191,7.0
58.3193,6.2
58.4195,6.2
58.5197,6.3
58.6199,6.3
58.7202,6.2
58.8204,6.2
58.9206,6.3
59.0208,7.1
59.1210,6.3
59.2213,6.2
59.3215,6.2
59.4217,7.0
59.5219,6.3
59.6221,6.3
59.7223,6.3
59.8225,6.3
59.9228,6.3
60.0230,6.3
60.1232,6.3
60.2234,7.1
60.3318,6.8
60.4320,6.7
60.5323,6.6
60.6325,7.6
60.7328,6.3
60.8330,6.2
60.9332,6.3
61.0334,6.1
61.1336,6.1
61.2338,6.3
61.3341,6.1
61.4343,8.3
61.5345,8.8
61.6347,8.9
61.7349,8.7
61.8351,14.6
61.9353,7.5
62.0355,11.0
62.1358,7.7
62.2360,6.3
62.3362,6.3
62.4364,6.3
62.5366,6.3
62.6368,6.9
62.7371,6.3
62.8373,6.3
62.9375,6.3
63.0377,7.1
63.1379,6.3
63.2382,6.0
63.3384,6.3
63.4386,6.3
63.5388,6.3
63.6390,6.3
63.7392,6.3
63.8394,7.1
63.9396,6.3
64.0398,6.3
64.1400,6.3
64.2402,7.1
64.3404,6.3
64.4407,6.3
64.5409,6.3
64.6411,6.3
64.7413,6.3
64.8415,6.1
64.9418,6.3
65.0420,7.1
65.1422,6.4
65.2424,6.1
65.3556,6.4
65.4558,7.0
65.5560,6.3
65.6562,6.3
65.7565,6.3
65.8567,6.5
65.9569,6.3
66.0571,6.4
66.1573,6.4
66.2576,7.1
66.3578,6.3
66.4580,6.4
66.5583,6.3
66.6585,7.1
66.7587,6.3
66.8589,6.3
66.9591,6.3
67.0593,6.4
67.1595,11.4
67.2597,15.1
67.3600,15.5
67.4602,17.7
67.5604,17.3
67.6606,17.3
67.7608,17.3
67.8611,17.8
67.9613,17.3
68.0615,17.4
68.1617,17.2
68.2619,17.3
68.3621,17.2
68.4624,17.2
68.5631,17.2
68.6633,17.9
68.7635,17.3
68.8637,17.5
68.9640,17.3
69.0642,17.8
69.1644,17.3
69.2646,17.5
69.3648,17.4
69.4650,17.4
69.5652,17.3
69.6656,17.3
69.7659,17.4
69.8662,17.8
69.9667,17.3
70.0669,17.3
70.1671,17.2
70.2743,17.6
70.3745,17.4
70.4747,17.4
70.5749,17.3
70.6751,17.3
70.7754,17.4
70.8756,17.4
70.9758,17.5
71.0760,17.8
71.1763,17.6
71.2765,17.4
71.3767,17.5
71.4769,17.8
71.5771,17.5
71.6773,17.4
71.7776,17.5
71.8778,17.3
71.9780,17.4
72.0783,17.3
72.1785,17.5
72.2787,17.7
72.3789,17.4
72.4791,17.3
72.5793,17.4
72.6796,17.9
72.7798,17.4
72.8800,17.4
72.9802,17.4
73.0804,13.7
73.1806,16.7
73.2808,13.9
73.3810,13.1
73.4813,13.7
73.5815,15.5
73.6817,15.1
73.7820,17.5
73.8822,18.0
73.9824,17.5
74.0826,17.6
74.1828,17.6
74.2831,17.5
74.3833,17.5
74.4836,17.5
74.5838,17.4
74.6840,17.8
74.7842,17.5
74.8844,17.6
74.9846,17.6
75.0849,17.9
75.1851,17.6
75.2853,16.6
75.4148,6.8
75.5151,6.6
75.6153,6.6
75.7155,7.6
75.8157,13.6
75.9159,7.2
76.0162,9.0
76.1164,17.3
76.2166,17.4
76.3168,17.8
76.4171,17.4
76.5174,17.3
76.6176,17.3
76.7178,17.4
76.8180,17.4
76.9183,17.5
77.0185,17.5
77.1187,18.1
77.2189,17.5
77.3191,17.4
77.4193,17.5
77.5196,17.9
77.6198,17.5
77.7200,17.5
77.8202,17.4
77.9204,17.6
78.0206,17.4
78.1209,17.3
78.2211,17.4
78.3213,17.8
78.4216,17.5
78.5218,17.4
78.6220,17.4
78.7222,17.9
78.8225,17.4
78.9227,17.3
79.0229,17.3
79.1231,17.3
79.2233,17.5
79.3235,17.5
79.4238,17.4
79.5240,17.9
79.6242,17.5
79.7244,17.8
79.8247,17.6
79.9249,18.0
80.0251,17.4
80.1253,17.6
80.2255,17.5
80.3257,17.6
80.4259,17.4
80.5262,17.6
80.6264,17.6
80.7266,18.1
80.8268,17.4
80.9270,17.5
81.0273,17.4
81.1275,18.0
81.2277,17.5
81.3279,17.6
81.4281,17.6
81.5284,17.4
81.6286,17.4
81.7288,17.5
81.8290,17.5
81.9292,17.9
82.0294,17.4
82.1297,17.4
82.2299,17.4
82.3301,17.8
82.4304,17.4
82.5306,17.4
82.6308,17.3
82.7310,17.4
82.8312,17.5
82.9314,17.4
83.0317,17.6
83.1319,17.8
83.2321,17.4
83.3323,17.6
83.4325,17.5
83.5327,18.1
83.6329,17.8
83.7331,17.7
83.8334,17.6
83.9336,17.6
84.0338,17.4
84.1340,17.4
84.2342,17.5
84.3345,18.2
84.4347,17.5
84.5349,17.5
84.6351,17.5
84.7353,17.9
84.8355,17.6
84.9358,17.4
85.0360,17.6
85.1362,17.5
85.2364,17.5
85.3366,15.7
85.5151,14.1
85.6154,17.2
85.7156,17.5
85.8158,17.4
85.9160,18.0
86.0162,17.5
86.1165,17.5
86.2167,17.7
86.3169,17.5
86.4171,17.5
86.5173,17.2
86.6175,17.4
86.7177,17.9
86.8179,17.3
86.9181,17.4
87.0184,17.3
87.1186,17.7
87.2189,17.4
87.3191,17.3
87.4193,17.4
87.5195,17.2
87.6197,17.4
87.7199,17.3
87.8202,17.4
87.9204,17.7
88.0206,17.2
88.1208,17.4
88.2210,17.5
88.3212,18.2
88.4214,17.4
88.5216,17.6
88.6219,17.7
88.7221,17.9
88.8224,17.6
88.9226,17.5
89.0228,17.5
89.1230,17.6
89.2232,17.7
89.3234,17.5
89.4237,12.5
89.5239,19.0
89.6241,17.4
89.7243,17.5
89.8245,17.6
89.9247,18.1
90.0249,17.6
90.1252,17.4
90.2254,17.5
90.3257,18.1
90.4259,18.0
90.5262,17.5
90.6264,7.5
90.7266,7.2
90.8269,6.7
90.9271,6.7
91.0273,6.6
91.1275,7.4
91.2278,10.7
91.3280,17.4
91.4282,17.6
91.5284,17.9
91.6286,17.5
91.7288,17.7
91.8290,17.5
91.9293,17.7
92.0295,17.4
92.1297,17.5
92.2299,17.7
92.3302,18.1
92.4305,17.5
92.5307,17.6
92.6309,17.5
92.7311,18.3
92.8313,17.5
92.9316,17.5
93.0318,17.6
93.1320,17.5
93.2322,17.9
93.3324,15.4
93.4327,6.5
93.9848,12.0
94.0851,17.5
94.1853,17.4
94.2855,17.5
94.3857,17.9
94.4859,17.5
94.5864,17.5
94.6866,17.4
94.7869,17.9
94.8871,17.9
94.9873,17.4
95.0875,17.5
95.1877,18.0
95.2880,17.5
95.3882,15.5
96.1557,16.3
96.2559,6.5
96.3561,13.5
96.4564,17.5
96.5566,17.4
96.6568,17.4
96.7570,18.0
96.8572,17.4
96.9574,17.5
97.0576,17.5
97.1578,17.9
97.2580,18.0
97.3583,17.5
97.4585,17.4
97.5587,17.9
97.6589,17.7
97.7591,17.7
97.8594,17.5
97.9596,17.3
98.0598,17.5
98.1600,17.8
98.2602,11.0
98.3605,7.7
98.4607,6.7
98.5609,6.6
98.6611,6.5
98.7614,7.5
98.8616,6.7
99.1919,6.5
99.2921,6.5
99.3924,7.2
99.4926,6.2
99.5928,17.4
99.6930,17.5
99.7932,14.0
99.8935,17.4
99.9937,18.1
100.0939,16.0
100.1941,17.5
100.2943,17.4
100.3945,17.5
100.4947,16.8
100.5950,6.6
100.6952,6.9
100.7954,15.5
100.8957,17.5
100.9959,17.5
101.0961,17.4
101.1963,18.1
101.2965,17.6
101.3967,17.5
101.4969,17.6
101.5971,17.4
101.6973,17.6
101.7975,17.6
101.8978,17.5
101.9980,18.0
102.0982,17.6
102.1984,17.5
102.2987,17.7
102.3989,17.9
102.4992,17.6
102.5994,17.6
102.6996,17.6
102.7998,17.6
102.9000,16.6
103.0003,17.4
103.1005,17.5
103.2007,18.1
103.3009,13.4
103.4011,6.6
104.0166,6.7
104.1168,6.3
104.2171,13.8
104.3173,17.5
104.4175,17.9
104.5177,17.4
104.6179,17.7
104.7181,17.5
104.8185,17.9
104.9187,17.6
105.0189,17.4
105.1197,17.5
105.2199,17.8
105.3201,17.4
105.4204,15.6
106.0024,17.7
106.1026,17.3
106.2028,9.0
106.3031,15.5
106.4033,17.4
106.5035,17.2
106.6038,17.2
106.7040,17.8
106.8042,17.6
106.9044,17.4
107.0048,17.3
107.1067,17.4
107.2069,18.1
107.3071,17.7
107.4073,12.4
107.5076,6.4
107.6078,6.4
107.7080,6.4
107.8082,6.3
107.9084,6.3
108.0086,7.3
108.1089,6.3
108.2091,6.3
108.3093,6.3
108.4095,7.2
108.5098,6.3
108.6100,6.3
108.7102,6.3
108.8104,6.3
108.9106,6.3
109.0108,6.3
109.1110,6.3
109.2113,7.1
109.3115,6.3
109.4117,6.3
109.5119,6.3
109.6121,7.0
109.7123,6.3
109.8125,6.2
109.9127,6.3
110.0129,6.3
110.1131,6.3
110.2134,6.2
110.3136,6.3
110.4138,7.1
110.5188,7.9
110.6190,6.7
110.7192,6.7
110.8195,7.7
110.9197,6.7
111.0199,6.5
111.1201,6.4
111.2203,6.3
111.3206,6.3
111.4208,6.3
111.5210,6.2
111.6212,7.2
111.7214,6.3
111.8216,6.2
111.9218,6.2
112.0220,6.9
112.1223,6.2
112.2225,6.2
112.3227,6.2
112.4229,6.1
112.5231,6.0
112.6233,6.1
112.7235,6.3
112.8238,7.1
112.9240,6.2
113.0242,6.3
113.1244,6.3
113.2246,7.1
113.3248,6.1
113.4251,6.3
113.5253,6.3
113.6255,6.3
113.7257,6.2
113.8259,6.3
113.9261,6.3
114.0263,7.0
114.1266,6.3
114.2268,6.3
114.3270,6.2
114.4272,7.1
114.5275,6.3
114.6277,6.3
114.7279,6.1
114.8281,6.0
114.9283,5.9
115.0285,6.3
115.1288,6.3
115.2290,7.1
115.3292,6.3
115.4294,6.3
115.5307,6.3
115.6309,7.2
115.7311,6.3
115.8313,6.2
115.9315,6.0
116.0317,6.3
116.1319,6.3
116.2321,6.3
116.3324,6.3
116.4326,7.0
116.5328,6.3
116.6330,6.3
116.7332,6.3
116.8334,7.0
116.9336,6.2
117.0339,6.0
117.1341,6.3
117.2343,6.3
117.3345,6.3
117.4347,6.3
117.5349,6.3
117.6351,7.1
117.7353,6.3
117.8355,6.2
117.9357,6.3
118.0360,7.0
118.1362,6.3
118.2364,6.3
118.3366,6.0
118.4368,6.3
118.5370,6.3
118.6372,6.3
118.7375,6.3
118.8377,7.0
118.9379,6.3
119.0381,6.3
119.1383,6.3
119.2385,7.0
119.3387,6.3
119.4389,6.3
119.5392,6.3
119.6394,6.2
119.7396,5.7
119.8398,6.2
119.9400,6.2
120.0402,7.0
