0.1001,0.3
0.2003,0.3
0.3005,0.3
0.4006,0.3
0.5008,0.6
0.6010,0.3
0.7011,0.3
0.8013,0.3
0.9014,0.6
1.0016,0.3
1.1017,0.3
1.2019,0.3
1.3020,0.3
1.4022,0.3
1.5023,0.3
1.6025,0.3
1.7027,0.6
1.8028,0.3
1.9030,0.3
2.0031,0.3
2.1033,0.6
2.2035,0.3
2.3036,0.3
2.4038,0.3
2.5039,0.3
2.6041,0.3
2.7043,0.3
2.8044,0.3
2.9046,0.6
3.0048,0.3
3.1049,0.3
3.2051,0.3
3.3052,0.6
3.4054,0.3
3.5055,0.3
3.6057,0.3
3.7058,0.3
3.8060,0.3
3.9062,0.3
4.0063,0.3
4.1065,0.6
4.2066,0.3
4.3068,0.3
4.4070,0.3
4.5071,0.6
4.6073,0.3
4.7074,0.3
4.8076,0.3
4.9077,0.3
5.0079,0.3
5.1081,0.3
5.2083,0.3
5.3084,0.6
5.4086,0.3
5.5087,0.3
5.6089,0.3
5.7091,0.6
5.8093,0.3
5.9094,0.3
6.0096,0.3
6.1098,0.3
6.2099,0.3
6.3101,0.3
6.4102,0.3
6.5104,0.6
6.6105,0.3
6.7107,0.3
6.8109,0.3
6.9110,0.6
7.0112,0.3
7.1114,0.3
7.2115,0.3
7.3117,0.3
7.4118,0.3
7.5120,0.3
7.6122,0.3
7.7123,0.6
7.8125,0.3
7.9127,0.3
8.0128,0.3
8.1130,0.6
8.2131,0.3
8.3133,0.3
8.4134,0.3
8.5136,0.3
8.6137,0.3
8.7139,0.3
8.8141,0.3
8.9142,0.6
9.0144,0.3
9.1145,0.3
9.2148,0.3
9.3149,0.6
9.4151,0.3
9.5152,0.3
9.6154,0.3
9.7155,0.3
9.8157,0.3
9.9158,0.3
10.0160,0.3
10.1162,0.6
10.2163,0.3
10.3165,0.3
10.4167,0.3
10.5168,0.6
10.6170,0.3
10.7172,0.3
10.8173,0.3
10.9175,0.3
11.0177,0.3
11.1180,0.3
11.2182,0.3
11.3184,0.6
11.4186,0.3
11.5188,0.3
11.6191,0.3
11.7193,0.6
11.8196,0.3
11.9198,0.3
12.0201,0.3
12.1203,0.3
12.2205,0.3
12.3208,0.3
12.4210,0.3
12.5213,0.6
12.6215,0.3
12.7217,0.3
12.8218,0.3
12.9220,0.6
13.0221,0.3
13.1222,0.3
13.2224,0.3
13.3226,0.3
13.4227,0.3
13.5229,0.3
13.6230,0.3
13.7232,0.6
13.8233,0.3
13.9235,0.3
14.0236,0.3
14.1238,0.6
14.3993,0.3
14.4995,0.3
14.5996,0.3
14.6998,0.3
14.8000,0.3
14.9001,0.3
15.0003,0.6
15.1006,0.3
15.2008,0.3
15.3010,0.3
15.4012,0.6
15.5015,0.3
15.6017,0.3
15.7019,0.3
15.8021,0.3
15.9023,0.3
16.0026,0.3
16.1028,0.3
16.2030,0.8
16.3033,0.9
16.4035,0.3
16.5037,0.3
16.6039,0.6
16.7042,0.3
16.8044,0.3
16.9046,0.3
17.0048,0.3
17.1050,0.3
17.2051,0.3
17.3052,0.3
17.4054,0.6
17.5055,0.3
17.6057,0.3
17.7058,0.3
17.8060,0.6
17.9061,0.3
18.0063,0.3
18.1065,0.3
18.2066,0.3
18.3068,0.3
18.4069,0.3
18.5071,0.3
18.6072,0.6
18.7074,0.3
18.8076,0.3
18.9077,0.3
19.0079,0.6
19.1080,0.3
19.2082,0.3
19.3083,0.3
19.4085,0.3
19.5087,0.3
19.6088,0.3
19.7090,0.3
19.8091,0.6
19.9093,0.3
20.0095,0.3
20.1096,0.3
20.2098,0.6
20.3099,0.3
20.4101,0.3
20.5102,0.3
20.6104,0.3
20.7105,0.3
20.8107,0.3
20.9109,0.3
21.0110,0.6
21.1111,0.3
21.2113,0.3
21.3114,0.3
21.4116,0.6
21.5118,0.3
21.6119,0.3
21.7121,0.3
21.8122,0.3
21.9124,0.3
22.0126,0.3
22.1127,0.3
22.2128,0.6
22.3130,0.3
22.4132,0.3
22.5133,0.3
22.6135,0.6
22.7136,0.3
22.8138,0.3
22.9139,0.3
23.0141,0.3
23.1142,0.3
23.2144,0.3
23.3145,0.3
23.4147,0.6
23.5148,0.3
23.6150,0.3
23.7151,0.3
23.8153,0.6
23.9155,0.3
24.0156,0.3
24.1158,0.3
24.2159,0.3
24.3712,0.3
24.4714,0.3
24.5715,0.6
24.6717,0.3
24.7719,0.3
24.8721,0.3
24.9722,0.6
25.0724,0.3
25.1726,0.3
25.2728,0.3
25.3730,0.3
25.4732,0.3
25.5733,0.3
25.6735,0.3
25.7737,0.6
25.8739,0.3
25.9740,0.3
26.0742,0.3
26.1744,0.6
26.2745,0.3
26.3747,0.3
26.4749,0.3
26.5751,0.3
26.6753,0.3
26.7754,0.3
26.8756,0.3
26.9758,0.6
27.0760,0.3
27.1763,0.3
27.2765,0.3
27.3767,0.6
27.4770,0.3
27.5772,0.3
27.6774,0.3
27.7776,0.3
27.8778,0.3
27.9780,0.3
28.0782,0.3
28.1783,0.6
28.2785,0.3
28.3787,0.3
28.4790,0.3
28.5792,0.6
28.6794,0.3
28.7796,0.3
28.8798,0.3
28.9800,0.3
29.0802,0.3
29.1804,0.3
29.2806,0.3
29.3809,0.6
29.4811,0.3
29.5813,0.3
29.6816,0.3
29.7819,0.6
29.8821,0.3
29.9823,0.3
30.0826,0.3
30.1828,0.3
30.2830,0.3
30.3833,0.3
30.4835,0.3
30.5838,0.6
30.6840,0.3
30.7842,0.3
30.8844,0.3
30.9846,0.6
31.0848,0.3
31.1851,0.3
31.2853,0.3
31.3855,0.3
31.4856,0.3
31.5858,0.3
31.6860,0.3
31.7861,0.6
31.8864,0.3
31.9866,0.3
32.0868,0.3
32.1870,0.6
32.2872,0.3
32.3874,0.3
32.4876,0.3
32.5878,0.3
32.6880,0.3
32.7881,0.3
32.8883,0.3
32.9885,0.6
33.0887,0.3
33.1889,0.3
33.2890,0.3
33.3893,0.6
33.4895,0.3
33.5897,0.3
33.6899,0.3
33.7901,0.3
33.8902,0.3
33.9904,0.3
34.0906,0.3
34.1908,0.6
34.2910,0.3
34.3913,0.3
34.4915,0.3
34.5917,0.6
34.6920,0.3
34.7922,0.3
34.8924,0.3
34.9927,0.3
35.0928,0.3
35.1931,0.3
35.2933,0.3
35.3935,0.6
35.4938,0.3
35.5940,0.3
35.6942,0.3
35.7944,0.6
35.8946,0.3
35.9948,0.3
36.0950,0.3
36.1952,0.3
36.2955,0.3
36.3957,0.3
36.4959,0.3
36.5961,0.6
36.6963,0.3
36.7965,0.3
36.8967,0.3
36.9969,0.6
37.0971,0.3
37.1973,0.3
37.2976,0.3
37.3978,0.3
37.4980,0.3
37.5982,0.3
37.6984,0.3
37.7986,0.6
37.8988,0.3
37.9991,0.3
38.0993,0.3
38.1995,0.6
38.2997,0.3
38.3998,0.3
38.5000,0.3
38.6001,0.3
38.7003,0.3
38.8005,0.3
38.9007,0.3
39.0008,0.6
39.1010,0.3
39.2012,0.3
39.3014,0.3
39.4016,0.6
39.5019,0.3
39.6021,0.3
39.7023,0.3
39.8026,0.3
39.9028,0.3
40.0030,0.3
40.1032,0.3
40.2035,0.6
40.3037,0.3
40.4039,0.3
40.5042,0.3
40.6044,0.6
40.7047,0.3
40.8049,0.3
40.9051,0.3
41.0054,0.3
41.1056,0.3
41.2058,0.3
41.3060,0.3
41.4062,0.6
41.5065,0.3
41.6067,0.3
41.7069,0.3
41.8071,0.6
41.9073,0.3
42.0076,0.3
42.1078,0.3
42.2080,0.3
42.3082,0.3
42.4085,0.3
42.5087,0.3
42.6089,0.6
42.7091,0.3
42.8093,0.3
42.9095,0.3
43.0098,0.6
43.1100,0.3
43.2103,0.3
43.3105,0.3
43.4107,0.3
43.5110,0.3
43.6112,0.3
43.7115,0.3
43.8117,0.6
43.9120,0.3
44.0122,0.3
44.1125,0.3
44.2127,0.6
44.3129,0.3
44.4132,0.3
44.5135,0.3
44.6137,0.3
44.7139,0.3
44.8142,0.3
44.9144,0.3
45.0146,0.6
45.1149,0.3
45.2151,0.3
45.3153,0.3
45.4156,0.6
45.5159,0.3
45.6161,0.3
45.7163,0.3
45.8166,0.3
45.9168,0.3
46.0171,0.3
46.1173,0.3
46.2175,0.6
46.3178,0.3
46.4180,0.3
46.5183,0.3
46.6185,0.6
46.7188,0.3
46.8190,0.3
46.9192,0.3
47.0195,0.3
47.1197,0.3
47.2200,0.3
47.3202,0.3
47.4205,0.6
47.5207,0.3
47.6209,0.3
47.7211,0.3
47.8214,0.6
47.9216,0.3
48.0218,0.3
48.1221,0.3
48.2223,0.3
48.3226,0.3
48.4228,0.3
48.5231,0.3
48.6233,0.6
48.7235,0.3
48.8238,0.3
48.9240,0.3
49.0243,0.6
49.1245,0.3
49.2248,0.3
49.3250,0.3
49.4253,0.3
49.5256,0.3
49.6258,0.3
49.7261,0.3
49.8263,0.6
49.9266,0.3
50.0268,0.3
50.1271,0.3
50.2273,0.6
50.3275,0.3
50.4277,0.3
50.5280,0.3
50.6282,0.3
50.7285,0.3
50.8287,0.3
50.9290,0.3
51.0292,0.6
51.1294,0.3
51.2297,0.3
51.3299,0.3
51.4302,0.6
51.5304,0.3
51.6306,0.3
51.7309,0.3
51.8311,0.3
51.9314,0.3
52.0316,0.3
52.1318,0.3
52.2321,0.6
52.3323,0.3
52.4326,0.3
52.5328,0.3
52.6331,0.6
52.7333,0.3
52.8336,0.3
52.9338,0.3
53.0340,0.3
53.1342,0.3
53.2344,0.3
53.3346,0.3
53.4347,0.6
53.5349,0.3
53.6351,0.3
53.7353,0.3
53.8354,0.6
53.9356,0.3
54.0358,0.3
54.1360,0.3
54.2362,0.3
54.3364,0.3
54.4365,0.3
54.5367,0.3
54.6369,0.6
54.7371,0.3
54.8372,0.3
54.9374,0.3
55.0376,0.6
55.1377,0.3
55.2379,0.3
55.3381,0.3
55.4383,0.3
55.5385,0.3
55.6387,0.3
55.7389,0.3
55.8391,0.6
55.9393,0.3
56.0396,0.3
56.1398,0.3
56.2400,0.6
56.3402,0.3
56.4404,0.3
56.5407,0.3
56.6409,0.3
56.7411,0.3
56.8413,0.3
56.9415,0.3
57.0418,0.6
57.1420,0.3
57.2422,0.3
57.3424,0.3
57.4427,0.6
57.5429,0.3
57.6431,0.3
57.7433,0.3
57.8435,0.3
57.9437,0.3
58.0440,0.3
58.1442,0.3
58.2444,0.6
58.3446,0.3
58.4449,0.3
58.5451,0.3
58.6453,0.6
58.7456,0.3
58.8458,0.3
58.9460,0.3
59.0462,0.3
59.1465,0.3
59.2467,0.3
59.3469,0.3
59.4472,0.6
59.5474,0.3
59.6477,0.3
59.7478,0.3
59.8480,0.6
59.9482,0.3
60.0483,0.3
60.1485,0.3
60.2486,0.3
60.3488,0.3
60.4490,0.3
60.5492,0.3
60.6493,0.6
60.7495,0.3
60.8497,0.3
60.9498,0.3
61.0500,0.6
61.1502,0.3
61.2504,0.3
61.3505,0.3
61.4507,0.3
61.5509,0.3
61.6511,0.3
61.7513,0.3
61.8514,0.6
61.9516,0.3
62.0518,0.3
62.1519,0.3
62.2521,0.6
62.3523,0.3
62.4524,0.3
62.5526,0.3
62.6528,0.3
62.7530,0.3
62.8531,0.3
62.9533,0.3
63.0534,0.6
63.1536,0.3
63.2538,0.3
63.3540,0.3
63.4541,0.6
63.5543,0.3
63.6545,0.3
63.7547,0.3
63.8550,0.3
63.9553,0.3
64.0555,0.3
64.1557,0.3
64.2560,0.6
64.3562,0.3
64.4565,0.3
64.5568,0.3
64.6570,0.6
64.7573,0.3
64.8575,0.3
64.9578,0.3
65.0581,0.3
65.1583,0.3
65.2585,0.3
65.3588,0.3
65.4590,0.6
65.5593,0.3
65.6596,0.3
65.7598,0.3
65.8601,0.6
65.9603,0.3
66.0605,0.3
66.1608,0.3
66.2610,0.3
66.3613,0.3
66.4615,0.3
66.5617,0.3
66.6620,0.6
66.7622,0.3
66.8624,0.3
66.9627,0.3
67.0629,0.6
67.1631,0.3
67.2634,0.3
67.3637,0.3
67.4639,0.3
67.5641,0.3
67.6644,0.3
67.7646,0.3
67.8649,0.6
67.9651,0.3
68.0654,0.3
68.1656,0.3
68.2659,0.6
68.3661,0.3
68.4664,0.3
68.5666,0.3
68.6668,0.3
68.7671,0.3
68.8673,0.3
68.9676,0.3
69.0678,0.6
69.1680,0.3
69.2683,0.3
69.3685,0.3
69.4688,0.6
69.5690,0.3
69.6692,0.3
69.7695,0.3
69.8697,0.3
69.9700,0.3
70.0702,0.3
70.1705,0.3
70.2707,0.6
70.3710,0.3
70.4712,0.3
70.5715,0.3
71.2855,0.3
71.3858,0.3
71.4861,0.6
71.5863,0.3
71.6865,0.3
71.7868,0.3
71.8870,0.6
71.9873,0.3
72.0875,0.3
72.1877,0.3
72.2880,0.3
72.3882,0.3
72.4885,0.3
72.5887,0.3
72.6890,0.6
72.7892,0.3
72.8895,0.3
72.9897,0.3
73.0899,0.6
73.1902,0.3
73.2904,0.3
73.3907,0.3
73.4909,0.3
73.5912,0.3
73.6914,0.3
73.7917,0.3
73.8919,0.6
73.9921,0.3
74.0924,0.3
74.1926,0.3
74.2929,0.6
74.3931,0.3
74.4934,0.3
74.5936,0.3
74.6939,0.3
74.7941,0.3
74.8943,0.3
74.9946,0.3
75.0948,0.6
75.1951,0.3
75.2953,0.3
75.3956,0.3
75.4958,0.6
75.5961,0.3
75.6963,0.3
75.7966,0.3
75.8968,0.3
75.9970,0.3
76.0973,0.3
76.1975,0.3
76.2978,1.4
76.3980,0.3
76.4983,0.3
76.5985,0.3
76.6987,0.6
76.7990,0.3
76.8992,0.3
76.9995,0.3
77.0997,0.3
77.1999,0.3
77.3002,0.3
77.4004,0.3
77.5007,0.6
77.6009,0.3
77.7012,0.3
77.8014,0.3
77.9017,0.6
78.0019,0.3
78.1021,0.3
78.2024,0.3
78.3026,0.3
78.4029,0.3
78.5031,0.3
78.6034,0.3
78.7036,0.6
78.8038,0.3
78.9039,0.3
79.0042,0.3
79.1044,0.6
79.2047,0.3
79.3049,0.3
79.4052,0.3
79.5054,0.3
79.6056,0.3
79.7059,0.3
79.8061,0.3
79.9063,0.6
80.0066,0.3
80.1068,0.3
80.2070,0.3
80.3073,0.6
80.4075,0.3
80.5077,0.3
80.6080,0.3
80.7082,0.3
80.8085,0.3
80.9087,0.3
81.0090,0.3
81.1092,0.6
81.2095,0.3
81.3097,0.3
81.4099,0.3
81.5102,0.6
81.6104,0.3
81.7107,0.3
81.8109,0.3
81.9112,0.3
82.0114,0.3
82.1117,0.3
82.2119,0.3
82.3122,0.6
82.4124,0.3
82.5127,0.3
82.6129,0.3
82.7131,0.6
82.8134,0.3
82.9136,0.3
83.0138,0.3
83.1141,0.3
83.2144,0.3
83.3146,0.3
83.4148,0.3
83.5150,0.6
83.6153,0.3
83.7155,0.3
83.8157,0.3
83.9160,0.6
84.0162,0.3
84.1164,0.3
84.2167,0.3
84.3169,0.3
84.4171,0.3
84.5174,0.3
84.6176,0.3
84.7179,0.6
84.8181,0.3
84.9183,0.3
85.0186,0.3
85.1188,0.6
85.2191,0.3
85.3193,0.3
85.4195,0.3
85.5198,0.3
85.6200,0.3
85.7202,0.3
85.8205,0.3
85.9207,0.6
86.0210,0.3
86.1212,0.3
86.2215,0.3
86.3217,0.6
86.4219,0.3
86.5222,0.3
86.6225,0.3
86.7227,0.3
86.8230,0.3
86.9232,0.3
87.0234,0.3
87.1237,0.6
87.2239,0.3
87.3241,0.3
87.4244,0.3
87.5246,0.6
87.6249,0.3
87.7251,0.3
87.8254,0.3
87.9256,0.3
88.0259,0.3
88.1261,0.3
88.2263,0.3
88.3266,0.6
88.4268,0.3
88.5271,0.3
88.6273,0.3
88.7276,0.6
88.8278,0.3
88.9281,0.3
89.0283,0.3
89.1285,0.3
89.2288,0.3
89.3290,0.3
89.4293,0.3
89.5295,0.6
89.6298,0.3
89.7300,0.3
89.8302,0.3
89.9305,0.6
90.0307,0.3
90.1310,0.3
90.2312,0.3
90.3314,0.3
90.4317,0.3
90.5319,0.3
90.6322,0.3
90.7324,0.6
90.8326,0.3
90.9329,0.3
91.0331,0.3
91.1333,0.6
91.2336,0.3
91.3338,0.3
91.4341,0.3
91.5343,0.3
91.6346,0.3
91.7348,0.3
91.8351,0.3
91.9353,0.6
92.0356,0.3
92.1358,0.3
92.2360,0.3
92.3363,0.6
92.4365,0.3
92.5368,0.3
92.6370,0.3
92.7373,0.3
92.8375,0.3
92.9378,0.3
93.0380,0.3
93.1383,0.6
93.2385,0.3
93.3387,0.3
93.4390,0.3
93.5392,0.6
93.6395,0.3
93.7397,0.3
93.8400,0.3
93.9402,0.3
94.0404,0.3
94.1407,0.3
94.2409,0.3
94.3411,0.6
94.4414,0.3
94.5416,0.3
94.6418,0.3
94.7421,0.6
94.8423,0.3
94.9426,0.3
95.0428,0.3
95.1430,0.3
95.2433,0.3
95.3435,0.3
95.4437,0.3
95.5440,0.6
95.6442,0.3
95.7445,0.3
95.8447,0.3
95.9450,0.6
96.0452,0.3
96.1454,0.3
96.2457,0.3
96.3459,0.3
96.4462,0.3
96.5464,0.3
96.6467,0.3
96.7469,0.6
96.8472,0.3
96.9474,0.3
97.0477,0.3
97.1479,0.6
97.2482,0.3
97.3484,0.3
97.4486,0.3
97.5489,0.3
97.6491,0.3
97.7493,0.3
97.8496,0.3
97.9498,0.6
98.0500,0.3
98.1503,0.3
98.2505,0.3
98.3508,0.6
98.4510,0.3
98.5513,0.3
98.6516,0.3
98.7518,0.3
98.8520,0.3
98.9523,0.3
99.0525,0.3
99.1528,0.6
99.2530,0.3
99.3533,0.3
99.4535,0.3
99.5538,0.6
99.6540,0.3
99.7543,0.3
99.8545,0.3
99.9548,0.3
100.0550,0.3
100.1552,0.3
100.2554,0.3
100.3557,0.6
100.4559,0.3
100.5562,0.3
100.6564,0.3
100.7567,0.6
100.8569,0.3
100.9572,0.3
101.0574,0.3
101.1576,0.3
101.2579,0.3
101.3581,0.3
101.4583,0.3
101.5586,0.6
101.6588,0.3
101.7590,0.3
101.8593,0.3
101.9595,0.6
102.0597,0.3
102.1600,0.3
102.2602,0.3
102.3605,0.3
102.4607,0.3
102.5610,0.3
102.6612,0.3
102.7614,0.6
102.8617,0.3
102.9619,0.3
103.0621,0.3
103.1624,0.6
103.2626,0.3
103.3629,0.3
103.4631,0.3
103.5633,0.3
103.6636,0.3
103.7639,0.3
103.8641,0.3
103.9643,0.6
104.0646,0.3
104.1648,0.3
104.2651,0.3
104.3653,0.6
104.4655,0.3
104.5658,0.3
104.6660,0.3
104.7663,0.3
104.8665,0.3
104.9668,0.3
105.0670,0.3
105.1672,0.6
105.2675,0.3
105.3677,0.3
105.4679,0.3
105.5682,0.6
105.6684,0.3
105.7686,0.3
105.8689,0.3
105.9691,0.3
106.0693,0.3
106.1696,0.3
106.2698,0.3
106.3700,0.6
106.4703,0.3
106.5705,0.3
106.6708,0.3
106.7711,0.6
106.8713,0.3
106.9715,0.3
107.0718,0.3
107.1720,0.3
107.2723,0.3
107.3725,0.3
107.4727,0.3
107.5730,0.6
107.6732,0.3
107.7735,0.3
107.8737,0.3
107.9739,0.6
108.0742,0.3
108.1744,0.3
108.2747,0.3
108.3749,0.3
108.4752,0.3
108.5754,0.3
108.6756,0.3
108.7759,0.6
108.8761,0.3
108.9764,0.3
109.0766,0.3
109.1769,0.6
109.2771,0.3
109.3773,0.3
109.4776,0.3
109.5778,0.3
109.6780,0.3
109.7783,0.3
109.8785,0.3
109.9787,0.6
110.0790,0.3
110.1792,0.3
110.2794,0.3
110.3797,0.6
110.4799,0.3
110.5801,0.3
110.6804,0.3
110.7806,0.3
110.8809,0.3
110.9811,0.3
111.0813,0.3
111.1815,0.6
111.2818,0.3
111.3820,0.3
111.4823,0.3
111.5825,0.6
111.6827,0.3
111.7830,0.3
111.8832,0.3
111.9835,0.3
112.0837,0.3
112.1840,0.3
112.2842,0.3
112.3844,0.6
112.4847,0.3
112.5849,0.3
112.6852,0.3
112.7854,0.6
112.8856,0.3
112.9859,0.3
113.0861,0.3
113.1864,0.3
113.2866,0.3
113.3868,0.3
113.4871,0.3
113.5873,0.6
113.6876,0.3
113.7878,0.3
113.8881,0.3
113.9883,0.6
114.0886,0.3
114.1888,0.3
114.2890,0.3
114.3893,0.3
114.4895,0.3
114.5898,0.3
114.6900,0.3
114.7903,0.6
114.8905,0.3
114.9907,0.3
115.0910,0.3
115.1912,0.6
115.2915,0.3
115.3917,0.3
115.4919,0.3
115.5922,0.3
115.6924,0.3
115.7927,0.3
115.8929,0.3
115.9931,0.6
116.0934,0.3
116.1936,0.3
116.2939,0.3
116.3941,0.6
116.4944,0.3
116.5946,0.3
116.6949,0.3
116.7951,0.3
116.8953,0.3
116.9956,0.3
117.0958,0.3
117.1961,0.6
117.2963,0.3
117.3965,0.3
117.4968,0.3
117.5970,0.6
117.6973,0.3
117.7975,0.3
117.8978,0.3
117.9980,0.3
118.0982,0.3
118.1985,0.3
118.2987,0.3
118.3990,0.6
118.4992,0.3
118.5995,0.3
118.6997,0.3
118.7999,0.6
118.9002,0.3
119.0004,0.3
119.1007,0.3
119.2009,0.3
119.3011,0.3
119.4014,0.3
119.5016,0.3
119.6018,0.6
119.7021,0.3
119.8024,0.3
119.9026,0.3
120.0028,0.6
