31.3
31.3
31.6
31.8
38.1
37.5
36.9
36.5
36.1
36.3
53.8
53.8
54.0
53.8
54.1
54.0
54.2
54.4
46.3
55.5
55.5
55.6
55.6
55.5
55.5
55.6
55.7
55.9
49.3
40.9
56.8
56.8
56.8
49.9
50.4
58.3
58.0
57.9
49.5
39.4
45.9
56.6
38.3
37.9
37.6
37.1
36.7
36.7
36.5
36.1
35.8
35.6
77.7
97.1
96.8
56.0
56.0
56.0
55.9
67.6
101.6
101.6
101.0
34.9
35.3
35.7
35.9
36.2
36.4
36.7
36.5
36.1
35.8
35.6
35.3
35.3
35.0
35.0
35.3
35.0
35.0
34.8
34.6
34.5
34.4
34.3
34.2
34.1
34.1
34.0
33.9
33.9
33.8
33.8
33.8
33.8
33.7
33.9
34.0
34.0
34.0
34.0
34.0
33.9
33.9
33.8
33.8
33.8
33.7
33.7
33.7
33.7
33.7
33.7
33.6
33.7
33.6
33.6
33.6
33.6
33.5
